151201 http://piecesoav.blogspot.com/search/label/Picasso%20Museum%20Paris 9.5489637469 -17.0339741209 -9.15121646499 3.98200713732 0.016620560043 2298 5188.10294472 0
151201 http://piecesoav.blogspot.com/2010_04_01_archive.html 10.2762521341 -17.1907331707 -8.18822263802 4.39759758626 0.0167191813289 1234 2952.10407716 1
151201 http://www.sothebys.com/en/auctions/ecatalogue/2016/impressionist-modern-art-evening-sale-l16006/lot.8.html 9.95561088261 -16.3102543203 -8.77914496684 4.20572480488 0.0165830507725 2706 4272.19183264 1
151201 http://feeshcakes1.wordpress.com/2013/10/25/african-art-and-pablo-picasso/ 10.0729549248 -20.0878318182 -7.70466415606 4.2364425474 0.0168166214185 195 320.705470616 1
151201 http://www.worldcat.org/oclc/19218392 8.36705022392 -19.1824270652 -9.74984309782 3.51553612076 0.0166137607462 1168 1803.3658976 1
151201 http://www.christies.com/lotfinder/Paintings/pablo-picasso-retrato-de-modesto-castillo-5580587-details.aspx 9.76101180024 -17.4675777348 -8.67032227975 4.14069123717 0.0166990658995 1450 3138.94536497 1
151201 http://en.wikiquote.org/wiki/Pablo_Picasso 10.2072080663 -15.3912219064 -8.53682138754 4.33436974879 0.0164870215574 3759 6949.27901381 1
151201 http://www.museepicassoparis.fr/en/currently/ 8.66285100533 -20.5464068021 -9.28853627558 3.62734823983 -0.0952711866307 357 862.703685638 0
151201 http://theartinquirer.blogspot.com/search/label/Picasso 9.44553248783 -16.9681276984 -9.35419207692 3.88610940668 0.0165944327283 2582 5506.31256739 1
151201 http://blogs.walkerart.org/visualarts/2007/07/19/artists-picasso/ 9.92061683036 -18.2088567852 -8.61079656243 4.1956208342 0.0167486969201 918 2611.73656412 0
151201 http://www.worldcat.org/oclc/604176030 9.51681457663 -17.9226273895 -9.03522416174 3.9931397898 0.0166826398021 1387 2129.44936787 1
151201 http://www.worldcat.org/oclc/857386944 9.19838354374 -18.045845096 -9.48731033686 3.80505656417 0.016645896386 1663 2307.38714601 0
151201 http://www.amazon.com/gp/product/037571149X 7.57967386342 -19.0985541979 -10.4750637222 3.13912149438 0.015986509649 2196 3770.65578705 0
151201 http://www.pablopicasso.org/avignon.jsp 10.5948854528 -18.2888779788 -7.71819973417 4.56481865944 0.0167842346882 539 1372.10392723 1
151201 http://www.worldcat.org/oclc/58666180 8.30675216874 -19.2880107217 -9.85033621395 3.47396530403 0.016600750827 1188 1851.1618744 0
151201 http://artnet.tumblr.com/tagged/Pablo-Picasso 9.34370959722 -19.6853822282 -8.81778252392 3.94218609637 0.0167688817945 464 978.375773155 1
151201 http://www.dictionary.com/browse/picasso--pablo 9.30728736812 -20.8869452249 -9.02828394073 3.82507800394 0.0166320865811 249 877.0054553 0
151201 http://www.worldcat.org/oclc/31485321 9.5911851326 -17.6108032148 -9.01118301312 3.98313091494 0.0166926503341 1519 2041.41292011 1
151201 http://thepaintingspace.blogspot.com/search/label/Ramallah 9.70705890488 -19.4848795506 -8.74645120267 4.02195473398 0.016789874552 479 1110.75211185 0
151201 http://piecesoav.blogspot.com/search/label/art 10.2670028333 -17.1908447032 -8.20334712777 4.39202653063 0.0167182489893 1244 2956.39625237 1
151201 http://piecesoav.blogspot.com/search/label/charnel%20house 10.3835234961 -17.1908670089 -8.20795744692 4.44076133801 0.0167180625338 1246 2967.46344773 1
151201 http://edition.cnn.com/2016/06/19/arts/picasso-femme-assise-sothebys-auction/ 9.55549940883 -18.3737742706 -8.96158532112 3.94854990932 0.0167435522245 973 2065.37867653 1
151201 http://www.worldcat.org/oclc/51440489 9.70905578432 -17.4348847202 -9.07621041466 4.05567912131 0.0166013398938 1784 2789.94492265 0
151201 http://www.museothyssen.org/en/thyssen/ficha_artista/455 9.43917839814 -19.5613837185 -9.08343244253 3.91378418188 0.016781510112 568 1817.60333663 1
151201 http://www.guardian.co.uk/artanddesign/2010/may/28/picasso-franco-exhibition 8.13358818519 -19.8584870951 -9.78692264562 3.43815338588 -0.0950224979738 824 1879.96177311 1
151201 http://www.docsonline.tv/documentary/58 8.88629135454 -20.3141925073 -9.55656541634 3.6160673412 0.0167895924688 482 1438.82085979 0
151201 http://www.theartsdesk.com/visual-arts/becoming-picasso-paris-1901-courtauld-gallery 10.0827984431 -18.5784178826 -8.52265609661 4.25108077016 0.0167686507892 705 1893.14914499 1
151201 http://www.worldcat.org/oclc/53796773 9.10058295041 -18.692228095 -9.52818431402 3.75837227569 0.0164429099712 1206 1881.70277492 0
151201 http://piecesoav.blogspot.com/ 9.99755398777 -15.7986837763 -8.75985943015 4.2236052487 0.016514084895 3461 7208.10171323 0
151201 http://www.worldcat.org/oclc/494115856 8.89354903367 -18.4738462858 -9.79065920403 3.62834258365 0.0166554405731 1560 2128.51139175 0
151201 http://www.sothebys.com/fr/auctions/ecatalogue/2006/impressionist-modern-art-evening-sale-n08195/lot.14.html 9.47409307632 -17.6103452825 -9.26732933825 3.94337179249 0.0166620352359 1849 3786.17613459 0
151201 http://bar.wikipedia.org/wiki/Pablo_Picasso 7.72423891391 -18.8281004522 -9.9431315232 3.33145485826 -0.0943521889708 2095 8749.87198036 0
151201 http://thepaintingspace.blogspot.com/2011/06/zizek-in-conversation-about-picasso-in.html 9.82279061158 -18.9828535624 -8.69190724541 4.09890500073 0.0167772840722 613 1599.72790746 1
151201 http://www.theartsdesk.com/topics/picasso 9.45540159703 -19.9654153355 -9.03142756688 3.9318301255 0.0167711361689 440 1117.11985845 0
151201 http://worldcat.org/identities/lccn-n80034026 9.09881916148 -19.1788310667 -9.34863892948 3.78105232894 0.0167442588318 846 1528.56832633 0
151201 http://www.moma.org/explore/conservation/demoiselles/index.html 9.56361051511 -21.1857372126 -8.21703656823 3.9164942902 0.016822566255 132 353.883678144 1
151201 http://thepaintingspace.blogspot.com/search/label/Dali 9.97221220449 -18.9929518253 -8.40723450484 4.20069416805 0.0167516754475 528 1278.33800193 1
151201 http://worldcat.org/identities/lccn-n80069946 9.6104583684 -19.6856846501 -8.94314175478 4.00547778117 0.0165535470286 491 853.640216994 0
151201 http://www.worldcat.org/oclc/238892174 8.2810498786 -18.6236409825 -9.83679425927 3.46806042061 0.0165485027942 1754 2652.51767138 1
151201 http://thepaintingspace.blogspot.com/2011/06/picasso-miro-dali-angry-young-men-birth.html 9.67482648495 -18.7901967565 -8.84900375514 4.02818956786 0.0167647124611 747 1990.51575265 1
151201 http://piecesoav.blogspot.com/search/label/USA 9.52319649471 -17.0667195922 -9.18102248192 3.9661574404 0.0166209286209 2294 5188.10294472 0
151201 http://www.pablopicasso.org/africanperiod.jsp 10.38939721 -18.2053900759 -7.84948826691 4.47051095249 0.0167777535271 608 1390.37750049 1
151201 http://thepaintingspace.blogspot.com/search/label/Picasso%20Buste%20dde%20Femme 9.91227170797 -19.3026251969 -8.57236546345 4.14252053403 0.016789310395 485 1110.75211185 0
151201 http://www.worldcat.org/oclc/61703195 7.67712261468 -19.7630933631 -10.2596748478 3.2279631923 -0.0947999442353 1244 1983.34040339 1
151201 http://www.artyfactory.com/art_appreciation/art_movements/cubism.htm 9.38127669403 -18.8519171033 -9.16626035365 3.84173297555 0.0167331746085 845 1642.69739292 1
151201 http://www.blogger.com/profile/05087735650298480553 7.79482104431 -22.7943669399 -9.06522362116 2.93724247584 -0.0954300245311 60 164.558457684 0
151201 http://newabstraction.net/tag/pablo-picasso/ 9.54591434017 -17.4275993011 -9.14984169709 3.97234851049 0.0166617574319 1852 2334.79977885 1
151201 http://www.worldcat.org/oclc/388481843 9.27701387431 -17.7704599499 -9.47361938069 3.79696866195 0.0166214533488 1807 2488.00008722 0
151201 http://bigthink.com/Picture-This/why-the-best-film-about-pablo-picasso-is-a-graphic-novel 9.00357785912 -18.8745406492 -9.57696753559 3.71807046421 0.0167286971369 1132 2438.43423773 1
151201 http://www.worldcat.org/oclc/52620028 9.57040280627 -18.7092297958 -9.04039633973 3.98305444052 0.0167185395864 882 1492.54411717 0
151201 http://dictionary.reference.com/browse/picasso 9.15097596379 -19.9512646124 -9.14826085391 3.82387094329 0.0167337772526 480 1711.70537739 0
151201 http://www.pablopicasso.org 10.5440363336 -16.4536037936 -7.7526131377 4.56213348169 0.0167007403364 1432 3085.76943176 1
151201 http://en.wikipedia.org/wiki/Category:Pablo_Picasso 8.79873738098 -19.7544759121 -8.90074880928 3.7558842123 -0.0952092924269 473 1416.9096671 1
151201 http://www.philamuseum.org/exhibitions/354.html 8.8807136259 -20.0922470536 -9.66327250076 3.61845659643 0.0167235685901 589 1348.19881526 1
151201 http://www.nndb.com/people/373/000024301/ 9.31410704261 -20.781786572 -9.03493340669 3.83722648596 0.0166640500594 267 956.987126676 1
151201 http://nla.gov.au/nla.arc-88241-20160514-1318-library.acsa.sa.edu.au/cgi-bin/koha/opac-detailaa40.html 9.04694765673 -21.138214792 -9.28398686504 3.6661945306 0.0149501474827 245 577.551423497 0
151201 http://www.livescience.com/26963-picasso-house-paint-x-rays.html 10.1580154792 -18.4913029304 -7.62598358642 4.31794836826 0.0167926018451 450 1082.32365025 1
151201 http://philamuseum.org/exhibitions/806.html 8.36925783153 -20.4965924663 -9.71462147113 3.48433526131 -0.0952007616061 489 1223.29094157 0
151201 http://www.ngv.vic.gov.au/explore/collection/artist/1167/ 7.45627159319 -20.7177189847 -9.41011940328 3.30951047581 0.00784797354112 309 617.953577013 1
151201 http://piecesoav.blogspot.com/search 10.0364239139 -15.7987058097 -8.75174397475 4.2398514603 0.0165139029657 3463 7156.87386525 0
151201 http://worldcat.org/identities/lccn-n87810705 9.17582266492 -20.4002292008 -9.32037630516 3.75517671305 0.0164055671351 395 743.141997597 0
151201 http://www.worldcat.org/oclc/17805316 8.46711095829 -18.8587016883 -9.81080757653 3.52819523711 0.0166987868593 1453 2221.92020915 0
151201 http://www.worldcat.org/oclc/34678148.ttl 9.69192590346 -19.9075958258 -8.71816725482 4.06327409114 0.016698232677 381 1188.1191049 0
151201 http://www.ngv.vic.gov.au/picasso/education/ed_JTE_ITG.html 10.320479518 -17.0079252388 -8.25607358282 4.40672121819 0.0167042763616 1394 3061.67494352 1
151201 http://et.wikipedia.org/wiki/Pablo_Picasso 7.39503378955 -19.8398428357 -10.5525037094 3.07967587651 -0.0946748198394 1481 10281.9499282 0
151201 http://www.artnet.com/magazine/features/stern/stern2-25-99.asp 9.82816534994 -18.8896394294 -8.81679687946 4.12180447411 0.0167680880576 711 1952.60517515 1
151201 http://www.amazon.com/gp/product/0307266656 8.47050864667 -18.2694945327 -10.0299780221 3.46903447404 0.0165532238291 2186 4131.12315422 0
151201 http://piecesoav.blogspot.com/search/label/Communism 9.62915865523 -17.0667195922 -9.18371967535 4.00913491563 0.0166209286209 2294 5205.75375165 0
151201 http://worldcat.org/identities/lccn-n79100461 7.99420575371 -19.6933196338 -10.2459659026 3.27861042849 0.0167247775515 1174 2495.25573805 0
151201 http://www.5backroad.com/journal/2015/11/23/picasso-at-play 8.38181489265 -20.7832998935 -9.75041002215 3.46073202503 -0.0952471663968 402 1053.84940408 1
151201 http://www.guardian.co.uk/culture/2002/may/07/artsfeatures 10.2495268131 -17.2746723798 -8.35569679822 4.36575524372 0.0166699188805 1284 3040.02002562 1
151201 http://arthistory.about.com/od/famous_names/ 9.14716897109 -20.0418891402 -9.22238982891 3.70414566018 0.0159412983812 449 948.414858677 0
151201 http://www.museepicassoparis.fr/en/credits-2/ 8.2445926165 -21.4105410085 -9.84160172095 3.32485784234 -0.0953123160332 280 917.01535473 0
151201 http://worldcat.org/identities/lccn-n79055560 9.16290354956 -18.6912796698 -9.38420625792 3.79967362191 0.0166962422294 1121 2229.8220658 0
151201 http://www.worldcat.org/oclc/17296213 9.5964273024 -18.0295849968 -9.16925247528 3.97161717674 0.0166310896596 1342 2036.19515173 0
151201 http://kab.wikipedia.org/wiki/Pablo_Picasso 8.1410293993 -20.7841177313 -10.0023448145 3.34334787183 -0.0952082259907 475 3081.43265271 0
151201 http://piecesoav.blogspot.com/search/label/Picasso 10.0461141377 -15.7804668341 -8.73869384123 4.24602735851 0.0165129933794 3473 7153.78296403 1
151201 http://www.worldcat.org/oclc/37044588 9.9416570755 -17.499294638 -8.76744795394 4.19482769768 0.0166312060688 1461 1843.55817849 1
151201 http://www.worldcat.org/oclc/52214206 9.11141866488 -18.487703081 -9.47715627953 3.77975509272 0.016621517675 1325 1739.18227903 0
151201 http://www.worldcat.org/oclc/518642 7.99825684921 -19.6286695367 -10.161632299 3.2947395077 0.0166029735836 1164 1875.76308665 1
151201 http://www.pbs.org/treasuresoftheworld/guernica/gmain.html 9.82836437819 -19.1112722757 -8.66277899089 4.13016300503 0.0167023962117 576 1490.74950137 1
151201 http://worldcat.org/identities/lccn-n78086005 9.78882086951 -16.8333869732 -8.637856071 4.16256280116 0.0166144688034 2003 5332.9434797 0
151201 http://worldcat.org/identities/lccn-n82001264 9.83548787232 -18.1520041349 -8.90340654663 4.11460491994 0.0166874096564 1096 2350.87180635 0
151201 http://www.blogger.com/profile/17512725587494300815 8.35389976025 -22.1021513885 -9.55591226383 3.28623768267 -0.0953855821887 143 405.961746308 0
151201 http://www.npg.org.uk/collections/search/person/mp62055 9.1851000313 -20.3135651793 -9.34575871388 3.76165621328 0.0167724515005 426 947.252207419 1
151201 http://www.museepicassoparis.fr/ch/ 8.32012865276 -20.6015497381 -9.70632309868 3.45590407913 -0.0952199581032 453 1133.12438033 0
151201 http://piecesoav.blogspot.com/search/label/Tate%20gallery 10.3835234961 -17.1908670089 -8.20795744692 4.44076133801 0.0167180625338 1246 2967.46344773 1
151201 http://www.theatlantic.com/unbound/flashbks/picasso/destroy.htm 9.04787910875 -14.2297749876 -9.65737836909 3.74281711687 0.0155879539121 14247 20343.6541229 1
151201 http://piecesoav.blogspot.com/search/label/Liverpool 10.3853980604 -17.1908447032 -8.20494567501 4.44188942502 0.0167182489893 1244 2967.46344773 1
151201 http://www.courtauld.ac.uk/gallery/exhibitions/2013/becoming-picasso/index.shtml 9.32665139919 -18.8155735132 -9.35706667157 3.8207558369 0.0166991527554 970 1313.77487942 1
151201 http://www.courtauld.ac.uk/gallery/exhibitions/2013/becoming-picasso/ 9.32665139919 -18.8155735132 -9.35706667157 3.8207558369 0.0166991527554 970 1313.77487942 0
151201 http://www.worldcat.org/oclc/163342500 8.40813889902 -18.470090763 -9.73097418574 3.53788991625 0.01654353518 1808 2633.34695753 0
151201 http://mountshang.blogspot.com/2013_01_01_archive.html 8.90728830072 -18.8185090683 -9.66025072566 3.67295275333 0.0167081209498 1233 2928.52023804 1
151201 http://nymag.com/nymetro/arts/art/reviews/137/ 9.58624375952 -18.4877841986 -9.13372099549 3.97651757955 0.0167378499846 1034 2582.17291455 1
151201 http://www.theguardian.com/artanddesign/pablo-picasso 9.68506758764 -17.9871669342 -8.95671359156 4.0441055503 0.0167196475378 1229 2173.28222782 1
151201 http://piecesoav.blogspot.com/2010_05_01_archive.html 9.5303018117 -17.066608709 -9.17323913517 3.97015339628 0.0166218501372 2284 5191.18303025 0
151201 http://www.worldcat.org/oclc/53896696 9.4792906871 -18.2359092356 -9.20076693413 3.95243510812 0.0166812553314 1282 1923.05897832 0
151201 http://www.worldcat.org/title/-/oclc/34678148 9.5242479762 -17.4456642707 -9.06668878716 3.99471423082 0.0166429492596 1815 2473.69971218 0
151201 http://arthousereproductions.com/pablo-picasso.html 10.9882447834 -16.4904309406 -6.59007601137 4.82167209254 0.0167526854063 756 1066.25504999 1
151201 http://www.worldcat.org/oclc/818954803 9.30768852714 -18.287120546 -9.32899278943 3.87333482614 0.0166517128193 1360 2069.40072283 0
151201 http://www.worldcat.org/oclc/13947407 9.36728286696 -17.8185442673 -9.26589094093 3.91047393138 0.0166785348703 1671 2347.21456374 1
151201 http://newsvote.bbc.co.uk/mpapps/pagetools/print/news.bbc.co.uk/2/hi/entertainment/4059997.stm 8.34154059362 -22.1021289447 -9.54516324684 3.28361602287 -0.0953866526018 141 386.60799893 0
151201 http://worldcat.org/identities/lccn-n82006231 9.51362251719 -19.2819883539 -9.01046280076 3.97953531742 0.0167627147093 649 1114.00550306 0
151201 http://www.rogallery.com/Picasso/w-584/picasso-paysage.html 8.97608615137 -21.9837061551 -8.39218309133 3.58672110281 0.0167934218281 84 261.757035186 1
151201 http://www.smh.com.au/articles/2003/05/18/1053196477572.html 8.85029878674 -20.6878328298 -9.57503567774 3.60235334737 0.0167536098706 388 1137.34217142 0
151201 http://mobile.english.rfi.fr/africa/20151206-senufo-african-art-inspired-picasso-comes-france 8.19235767761 -21.6977745021 -9.92835917229 3.25479368939 -0.0953336959752 240 543.226939861 1
151201 http://www.tate.org.uk/learn/online-resources/glossary/c/cubism 9.35463784251 -18.8528446461 -9.24842112649 3.87600906082 0.0167365886631 928 1898.01506799 1
151201 http://www.livescience.com/32888-are-the-newly-found-picasso-painting-real.html 10.2051589392 -19.6192860702 -8.13721000994 4.31587160901 0.0168043675661 325 797.098335987 1
151201 http://viaf.org/viaf/15873 7.09700715665 -18.9629052435 -10.6308312727 2.99660482308 -0.093552576548 3635 9508.27578619 0
151201 http://viaf.org/viaf/2517437 7.93270099884 -19.8340760731 -10.0053249587 3.34595695469 -0.0949481973805 964 2749.63913225 0
151201 http://www.erenkrantz.com/Words/TheMaskAndTheMirror.shtml 10.7381167342 -17.8033871913 -7.48321327921 4.6558312143 0.0167770024119 616 1200.33072818 1
151201 http://www.worldcat.org/oclc/51264687 9.2857652663 -18.4409917523 -9.28249828147 3.87436274933 0.0166988298549 1213 1730.56730809 0
151201 http://www.museepicassoparis.fr/ 8.17592869494 -20.4486645231 -9.90605955805 3.39853330139 -0.0951597284029 566 1396.80273646 0
151201 http://piecesoav.blogspot.com/2010/04/pablo-picasso-1881-1973-charnel-house.html 10.2439624493 -17.1911235071 -8.2406013485 4.37816789229 0.0167159185949 1269 3047.87031661 1
151201 http://www.metmuseum.org/Collections/search-the-collections/210008443 9.22432138853 -15.485999607 -9.47044521711 3.83772475851 0.0162339244619 6594 10388.2876674 1
151201 http://www.artsy.net/artist/pablo-picasso 10.0048492907 -20.3755812008 -8.04649749989 4.2133170716 0.0166253463614 201 768.475496892 1
151201 http://www.philamuseum.org/collections/permanent/53963.html 10.0078909236 -17.81559887 -8.61743544662 4.21407804318 0.0167314979658 1102 2188.30312828 1
151201 http://www.musee-picasso.fr/ 8.17592869494 -20.4486645231 -9.90605955805 3.39853330139 -0.0951597284029 566 1396.80273646 0
151201 http://www.museepicassoparis.fr/en/symposiums/ 9.17017701199 -19.6213477182 -8.8995529301 3.86990856426 0.0167086622991 509 1215.51107553 0
151201 http://www.worldcat.org/oclc/34678148.nt 10.0120427288 -19.9064636117 -8.17394014869 4.24417659206 0.0167861808355 280 742.315868801 0
151201 http://www.museepicassoparis.fr/en/the-collection/ 9.97725723949 -17.5122922335 -8.54330141353 4.23748613037 0.0167029977309 1288 3239.34395026 0
151201 http://www.worldcat.org/oclc/856081997 7.92275432717 -18.773766807 -10.2168247897 3.27839554388 0.01646387495 2071 2760.86871141 0
151201 http://www.nga.gov/content/ngaweb/Collection/artist-info.1783.html 9.03059565344 -20.6005748962 -9.38205296854 3.70373710742 0.0167108441162 366 1010.28249151 1
151201 http://www.theartstory.org/artist-picasso-pablo.htm 9.92284700616 -15.9666895721 -8.85149858365 4.17340404091 0.0165281054976 3307 5586.032898 1
151201 http://commons.wikimedia.org/wiki/Category:Works_by_Pablo_Picasso 8.32650187851 -20.4964692615 -9.67550118297 3.47040121881 -0.0952066263812 478 1739.17104699 1
151201 http://www.artcritical.com/2015/12/01/picasso-in-3-d-a-roundtable-of-sculptors-with-alain-kirili-michelle-segre-and-rebecca-smith/ 9.82171742073 -16.7062653349 -8.95328547105 4.1198316009 0.0165998094014 2403 4799.37423403 1
151201 http://www.time.com/time/magazine/article/0,9171,988489,00.html 8.68411167197 -20.7190078792 -9.78252991452 3.46827698415 0.0166381894065 424 1140.51025501 1
151201 http://www.worldcat.org/oclc/20406707 8.62828589599 -18.6957946086 -9.89520322946 3.52014398144 0.0166140517909 1526 1998.05850373 0
151201 http://theartinquirer.blogspot.pt/search/label/Picasso 9.33672961838 -16.9681276984 -9.35160943156 3.84177663703 0.0165944327283 2582 5497.47337509 0
151201 http://www.telegraph.co.uk/culture/art/art-reviews/9251599/Picasso-The-Vollard-Suite-British-Museum-review.html 9.14165559539 -18.8174603532 -9.59022520497 3.73464997974 0.0166722464011 1139 2441.5719536 1
151201 http://www.museepicassoparis.fr/en/anniversary-exhibition/ 8.6125862354 -20.4956626427 -9.4368570723 3.60145102591 -0.0952450318511 406 1099.27408445 1
151201 http://worldcat.org/identities/lccn-n80039965 9.95643935609 -17.0803023098 -8.34877235941 4.25604066053 0.016683836837 1494 2531.6588515 0
151201 http://worldcat.org/identities/lccn-n78018937 9.78492508885 -17.667067227 -8.75336191088 4.13512469286 0.0166643444336 1344 2998.33309278 0
151201 http://www.worldcat.org/oclc/45307482 8.58601362592 -18.6985590393 -9.62968183228 3.60360594168 0.0166473524692 1407 2194.87772656 0
151201 http://money.cnn.com/2015/05/11/luxury/picasso-auction-results/ 9.05617986603 -19.8046993025 -9.48897761038 3.66268379314 0.016778410808 601 1485.15510864 1
151201 http://thepaintingspace.blogspot.com/search/label/Modernism 9.46675277605 -17.9872657125 -8.74603264963 3.91838265528 0.0167022072369 1057 2229.90260326 1
151201 http://www.worldcat.org/oclc/71802115 7.46513931612 -19.9460951333 -10.5053452373 3.10453541493 -0.0947677076249 1305 1955.86998381 0
151201 http://deyoung.famsf.org/deyoung/exhibitions/picasso-masterpieces-mus-e-national-picasso-paris 8.6214381241 -20.4480262913 -9.78531518423 3.51208313601 0.0156783694496 509 1238.11984423 0
151201 http://www.famsf.org/press-room/picasso-masterpieces-mus-e-national-picasso-paris-opens-de-young-museum-san-francisco 8.04831302253 -19.9404904181 -9.82921584671 3.39449491358 -0.0950336530936 803 1819.99028572 1
151201 http://www.worldcat.org/oclc/40950233 8.57100328626 -18.9158958767 -9.64498838709 3.58066536475 0.0166058862235 1253 1913.48433487 1
151201 http://www.tate.org.uk/whats-on/tate-britain/exhibition/picasso-modern-british-art 8.32999787249 -19.9390028678 -9.58767450868 3.52332709696 -0.0951043630525 670 1127.8265585 1
151201 http://www.museepicassoparis.fr/en/visit-2/individuals/ 8.90287002882 -20.7173826147 -9.10567624571 3.72138373455 -0.0953128504149 279 783.98450804 0
151201 http://thepaintingspace.blogspot.com/search/label/Joan%20Miro 9.39305045795 -18.6492867629 -9.17077617843 3.854547782 0.0167128429708 943 2210.14463201 0
151201 http://newabstraction.net/2014/09/27/late-picasso/ 9.49934540102 -19.4679024405 -9.02483842615 3.92945089102 0.0167811343778 572 1525.22950434 1
151201 http://www.worldcat.org/oclc/856081997.nt 8.62297652563 -20.6575315593 -9.3659278649 3.5967287186 -0.0952759921313 348 954.655609135 0
151201 http://datos.bne.es/resource/XX1637941 8.03320314559 -16.2267862607 -9.28130025128 3.50770143448 0.0162186433251 6768 12266.2279497 0
151201 http://www.pablopicasso.org/classicism.jsp 9.53879432999 -19.3030731604 -8.64535004211 4.03477862797 0.0167855503175 525 1342.04970848 1
151201 http://worldcat.org/identities/lccn-n96064426 10.004819173 -19.6842393326 -8.39423438818 4.22503689689 0.0167336348302 362 874.733984223 0
151201 http://www.worldcat.org/oclc/50478434 9.38402773317 -17.8694166693 -9.17425863984 3.92478078949 0.0165336183573 1553 2138.96165031 1
151201 http://www.worldcat.org/identities/lccn-n78-86005 9.82729020096 -16.8333869732 -8.62321302432 4.17883417732 0.0166144688034 2003 5216.18343341 0
151201 http://www.worldcat.org/oclc/6627890 8.49121962029 -18.6971192852 -9.91185564794 3.50727169345 0.0166809476648 1645 2291.75230672 0
151201 http://www.nysun.com/arts/picasso-show-to-highlight-influences/85864/ 9.88869996573 -19.6199585803 -8.4554070536 4.14928918496 0.0167987179631 385 929.034488877 1
151201 http://www.worldcat.org/oclc/13423152 9.95821441103 -17.697570089 -8.71599663458 4.20751678949 0.0166923128387 1283 1840.08862924 0
151201 http://rkd.nl/explore/artists/63276 7.51356420453 -18.572530317 -10.3559734172 3.1626196909 0.0165475369118 3094 9822.95726176 0
151201 http://design-haven.com/art/history-of-modern-art-cubism/ 9.25933402798 -19.0837556058 -9.41307628945 3.77487357145 0.0167534702819 867 2055.67557999 1
151201 http://piecesoav.blogspot.com/search/label/exhibitions 10.2670028333 -17.1908447032 -8.20334712777 4.39202653063 0.0167182489893 1244 2956.39625237 1
151201 http://www.thedailybeast.com/articles/2014/10/23/did-picasso-try-to-steal-the-mona-lisa.html 9.57721852908 -18.3748462855 -9.02290870429 4.01596190453 0.0167010884733 1069 2350.44682327 1
151201 http://www.worldcat.org/oclc/885452526 8.3227701626 -18.8489874127 -9.67286975861 3.52455593895 0.0166999961007 1440 1991.63279392 1
151201 http://www.worldcat.org/oclc/62712321 8.44663461365 -18.6840249081 -9.76805264517 3.53775869329 0.0165550564175 1562 2183.89216436 0
151201 http://www.dictionary.com/browse/picasso 9.0618809868 -19.9512646124 -9.1443768075 3.78870553767 0.0167337772526 480 1700.38962136 0
151201 http://piecesoav.blogspot.com/2010/06/outbreak-of-hostilities-in-korean.html 9.59762797839 -17.0666197976 -9.18839481192 3.99699714708 0.016621757981 2285 5239.72373516 1
151201 http://thepaintingspace.blogspot.com/search/label/Picasso 9.76691713656 -18.6053104565 -8.75989315493 4.08293557471 0.0167274191024 787 1748.3961067 1
151201 http://rkd.nl/en/explore/artists/63276 8.79121849645 -17.3656631882 -9.64199547837 3.6551890924 0.0165715012188 2832 8173.90455158 1
151201 http://openplaques.org/people/6784 9.9723302146 -20.598534034 -8.14442575219 4.18568313448 0.016817659103 184 674.792939788 0
151201 http://www.pablopicassoclub.com/blogs/ 10.8223554044 -16.9994994786 -7.28841299508 4.7172292253 0.016755811159 842 1889.03929065 1
151201 http://thepaintingspace.blogspot.com/search/label/Van%20Abbemuseum 9.70086095926 -19.4849019519 -8.7543101371 4.0183996105 0.0167896864954 481 1110.75211185 0
151201 http://piecesoav.blogspot.com/search/label/modern%20art 10.0314303724 -15.7988380047 -8.75807650643 4.23693965464 0.0165128114741 3475 7153.78296403 0
151201 http://piecesoav.blogspot.com/search/label/Nazis 10.3853980604 -17.1908447032 -8.20494567501 4.44188942502 0.0167182489893 1244 2967.46344773 1
151201 http://www.worldcat.org/oclc/34678148 9.62584653888 -17.4456642707 -9.06969927345 4.0356631354 0.0166429492596 1815 2480.02036235 0
151201 http://piecesoav.blogspot.com/search/label/Korean%20War 9.62771828209 -17.0667417681 -9.18527384617 4.00832570682 0.0166207443299 2296 5205.75375165 0
151201 http://fr.dbpedia.org/resource/Le_Vieux_Guitariste_aveugle 8.48596210807 -20.6021769712 -9.93004367421 3.42463600256 0.0167646564757 509 1146.39427139 0
151201 http://www.museepicassoparis.fr/en/ 8.25000856753 -20.5479193606 -9.77147904113 3.42781483243 -0.0951991622474 492 1206.26989412 0
151201 http://worldcat.org/identities/lccn-nr89016929 9.96897055319 -17.2835749257 -8.54631369563 4.23661017365 0.0166981358019 1460 2735.13128572 0
151201 http://thepaintingspace.blogspot.com/search/label/Surrealism 9.32184497455 -18.6492644194 -9.15662461926 3.82574166437 0.0167130296835 941 2188.8927494 0
151201 http://www.metmuseum.org/toah/hd/cube/hd_cube.htm 8.82614686986 -19.9387231296 -9.68154674522 3.58009357199 0.0167071383011 645 1717.62984804 1
151201 http://www.worldcat.org/oclc/8981088 8.203410587 -18.3746351078 -9.5206302749 3.51474945008 0.0166621278393 1848 4010.00121159 0
151201 http://en.wikipedia.org/wiki/Pablo_Picasso 10.1257611481 -14.1558855891 -8.58331461793 4.30947829319 0.0161478840239 7578 16467.9246242 1
151201 http://www.artgallery.nsw.gov.au/exhibitions/picasso/ 8.4971121232 -20.4472982346 -9.54741275679 3.55321874434 -0.0952247584372 444 1021.39062665 1
151201 http://www.worldcat.org/oclc/910702723 8.12345450045 -18.6568911559 -10.0747976222 3.38412655959 0.0164724699819 1977 2288.08582536 0
151201 http://www.worldcat.org/oclc/448233 9.27494324759 -18.7801550939 -9.41370239295 3.8270967676 0.016702393712 1055 1684.60272286 0
151201 http://blogs.artinfo.com/modernartnotes/2011/03/picasso-guitars-3/ 8.90371330228 -18.7393473024 -9.66034970922 3.67431969963 0.016700763129 1312 2341.51757559 1
151201 http://nla.gov.au/nla.arc-88241-20150514-0006-library.acsa.sa.edu.au/cgi-bin/koha/opac-detailaa40.html 8.9494029518 -21.138214792 -9.28114865142 3.62790251715 0.0149501474827 245 575.673855325 0
151201 http://nla.gov.au/nla.party-947012 8.2341114044 -18.5473010788 -9.64626193028 3.51019683374 0.01666916871 1772 3310.05171768 0
151201 http://www.museepicassoparis.fr/en/coming_soon/ 9.1040018558 -21.291546579 -8.90474712122 3.75937289783 -0.0953700638979 172 495.103833181 0
151201 http://www.imdb.com/name/nm0681444/ 7.42591282066 -20.0349601599 -10.4823570787 3.07960816788 -0.0948031162342 1238 2365.41410549 0
151201 http://www.brainpickings.org/2014/05/05/brassai-conversations-with-picasso-success-compromising/ 8.24876085686 -19.9130684896 -10.0651794963 3.38204742361 0.0161720247442 870 1953.32161196 1
151201 http://trove.nla.gov.au/people/947012 8.2341114044 -18.5473010788 -9.64626193028 3.51019683374 0.01666916871 1772 3311.03254693 0
151201 http://www.leninimports.com/pablo_picasso.html 10.8938075398 -18.7359774271 -6.65606938986 4.76187308204 0.0167896637581 243 304.50772087 1
151201 http://openlibrary.org/works/OL44790A 9.127013591 -17.9511576156 -9.14573482705 3.85525866223 0.0166902341532 1545 3479.35077036 1
151201 http://www.museepicassoparis.fr/en/biography/ 10.1733299229 -14.4784631862 -8.34905078086 4.3554368185 0.0163210644078 5608 10226.587846 0
151201 http://www.thedailybeast.com/blogs-and-stories/2011-04-15/picasso-and-marie-thrse-walter-arts-greatest-love-affair-at-gagosian-gallery/p/follow 9.9445304306 -18.6431372773 -8.64242214037 4.19906879079 0.0166644298304 743 1543.91301008 1
151201 http://worldcat.org/identities/lccn-n78-86005 9.82729020096 -16.8333869732 -8.62321302432 4.17883417732 0.0166144688034 2003 5216.18343341 0
151201 http://www.metmuseum.org/toah/hd/pica/hd_pica.htm 9.85824249262 -17.9013481648 -8.74893900967 4.15015293746 0.0167265504698 1155 3207.14590234 1
151201 http://www.musee-picasso.fr 8.17592869494 -20.4486645231 -9.90605955805 3.39853330139 -0.0951597284029 566 1396.80273646 0
151201 http://www.arthistoryarchive.com/arthistory/cubism/ 9.7668384579 -16.6932961064 -8.99011242648 4.06812182432 0.0166091422303 2422 5007.21331123 1
151201 http://www.moma.org/explore/conservation/demoiselles/ 9.56361051511 -21.1857372126 -8.21703656823 3.9164942902 0.016822566255 132 353.883678144 1
151201 http://worldcat.org/identities/lccn-n85379965 8.4263448116 -19.5095917642 -10.0079745499 3.44484553747 0.0167253766838 1048 2241.43052134 0
151201 http://thepaintingspace.blogspot.com/search/label/International%20Art%20Academy%20Palestine 9.68848882081 -19.4849467537 -8.76992506078 4.01130821089 0.016789310395 485 1110.75211185 0
151201 http://www.abc.net.au/radionational/programs/booktalk/the-unknown-matisse/3627290 9.41624875622 -16.7798992157 -8.86546627366 3.8862594548 0.0166274474981 2103 3355.78003324 0
151203 http://www.thedailybeast.com/newsweek/galleries/2011/12/04/five-highly-touted-artists-whose-works-are-lousy-investments.html 6.50980864503 -31.6751213349 -21.1604647432 2.13526476341 0.0245782495705 3543 7288.37188304 0
151203 http://www.mimoa.eu/ 7.80664263376 -32.6988189311 -22.5821505953 2.93645419177 0.0153901216893 735 1709.43477615 0
151203 http://www.urbanphoto.net/blog/2016/02/ 8.49516793696 -32.2656473845 -22.9005299693 3.15879663148 0.0166951983182 1252 2760.73462211 0
151203 http://www.facebook.com/casabatllo 13.5929188008 -31.4670181968 -17.8929569985 5.40637663532 0.0160681584707 1031 3682.56643104 1
151203 http://www.urbanphoto.net/blog/2007/07/ 2.67529706031 -34.2310664897 -23.5652017329 0.825990779381 -0.141271890218 2422 5208.38684622 0
151203 http://brilliantasylum.blogspot.com/2010_05_01_archive.html 17.7054947082 -30.6826070173 -15.7984749863 6.84598259866 0.0249415345366 657 1536.5476694 0
151203 http://www.msa.mmu.ac.uk/continuity/index.php/2009/06/ 6.10994911413 -32.5028421278 -23.0506919756 2.36599360846 -0.0949211596016 1015 2290.90226792 0
151203 http://www.detail-online.com/ 8.61021074945 -33.5014666526 -21.6435926551 3.30843789787 -0.0953326267503 242 738.582934595 0
151203 http://www.sacredarchitecture.org/issues/volume_19 8.95841041599 -34.4805120945 -21.4290641324 3.34674125918 -0.0953893287397 136 598.684304687 0
151203 http://www.mascontext.com/12-aberration-winter-11/ 7.63308083047 -33.503736953 -22.4024759888 2.87452151053 -0.0952605094756 377 825.719955776 0
151203 http://www.curbed.com/authors/suzanne-wales 10.5776102577 -33.9701577692 -21.2320965274 4.21665027198 -0.0953743443014 164 425.51961141 0
151203 http://d-nb.info/gnd/119009692 12.0012229385 -34.1951016722 -18.6185221001 4.45089119501 -0.095317125684 271 1236.64196328 0
151203 http://antipodeuse.blogspot.com/search/label/Spain 14.4160531526 -31.561170265 -16.7658303331 5.48849124393 0.0251207621308 576 1119.76881129 1
151203 http://petersaurus.blogspot.com/ 4.67280810408 -33.4171265039 -22.0712764368 1.4865050786 0.0248056254922 2241 4593.18567461 0
151203 http://www.architechgallery.com/exhibition_archive.html 6.218190669 -32.3026339251 -22.0287626786 2.39229498776 -0.094776161008 1289 1932.15682858 1
151203 http://www.msa.mmu.ac.uk/continuity/index.php/2010/08/ 7.00990956345 -33.792108184 -23.0169725461 2.57707241448 -0.0952386287878 418 1025.51739854 0
151203 http://www.msa.mmu.ac.uk/continuity/index.php/2012/06/ 9.83481570786 -32.8779847485 -22.0482858308 3.79691659689 0.0167163042748 547 1307.59882879 0
151203 http://www.msa.mmu.ac.uk/continuity/index.php/2010/12/ 10.9278105576 -32.8747752485 -21.2316032425 4.35876594297 0.0167341975039 356 804.479417127 0
151203 http://www.gaudiclub.com/ingles/i_vida/i_vida.asp 10.0767056972 -34.8876264234 -19.412996008 3.5284275524 -0.0953369037938 234 765.96959437 0
151203 http://www.angelsbarcelona.com/ 8.31672494196 -34.3275395221 -23.0972507282 3.48939816038 0.0078525074739 206 1025.91730197 0
151203 http://www.artchive.com/artchive/art_nouveau.html 13.4595650483 -33.3854999946 -17.5495095973 4.83405353284 0.0249676345478 350 1061.8037606 1
151203 http://www.dhub-bcn.cat/en/home 8.84247746402 -33.8755543983 -22.5875004851 3.81647181627 0.0078525074739 206 496.606571825 0
151203 http://en.wikipedia.org/wiki/Antoni_Gaud%C3%AD 11.3053717942 -25.9627421516 -18.8418732385 4.18492460068 0.0227950248071 10776 18921.5126311 1
151203 http://es.foursquare.com/venue/188837 15.9772672933 -29.3818279018 -17.1626095257 6.32120565965 0.0249720958902 2000 6370.57455628 1
151203 http://www.jessieamadio.com/blog/ 8.599835027 -33.5680233033 -22.9036190202 3.70025629968 0.00784564258615 362 857.394762456 0
151203 http://antonandirene.com/ 6.74033736212 -33.6486778829 -24.0082696014 2.46620858897 -0.094898904755 1057 2491.79047469 0
151203 http://www.msa.mmu.ac.uk/continuity/index.php/2009/07/ 7.49015907598 -32.9527829585 -23.2091777016 2.7259728777 0.0166839876183 893 2356.65816547 0
151203 http://weburbanist.com/category/architecture/urbanism/ 8.85083670179 -33.3861052096 -22.1871869508 3.3482797118 0.0164960468882 386 1141.59361977 0
151203 http://www.casabatllo.es/en/events-room/company-private/ 9.16681770292 -34.1947484174 -22.1063339396 3.49612584882 -0.0953283500906 250 768.245093474 0
151203 http://whc.unesco.org/en/list/320bis 9.82821803938 -30.4117415688 -19.5344343868 3.59016398499 0.0248439630611 2325 6260.40706329 1
151203 http://antipodeuse.blogspot.com/search/label/architecture 6.90250868926 -32.6974932535 -22.615286999 2.6674825549 -0.0951118123276 656 1084.25008528 0
151203 http://www.urbanphoto.net/blog/2008/04/ 4.0801022925 -33.1306586798 -22.6215576641 1.31887153449 -0.141356467751 2314 5366.17423842 0
151203 http://www.msa.mmu.ac.uk/continuity/index.php/2011/11/ 7.1341405375 -34.196211631 -22.9790610161 2.57394831025 -0.0952818661794 337 764.220425225 0
151203 http://architectdesign.blogspot.com/2010_11_28_archive.html 7.40011132042 -30.5694199415 -20.6741799948 2.45284442686 0.0238980175571 4068 4479.25963834 1
151203 http://www.time.com/time/magazine/article/0,9171,216477,00.html 13.149756029 -33.7898384053 -17.5311050897 4.70270695819 -0.142966069386 283 698.80302906 1
151203 http://www.e-flux.com/announcements/john-baldessari-pure-beauty/ 9.98043982225 -31.1687910906 -21.7630788969 4.30005219962 -0.0947402445413 1357 2718.78004366 0
151203 http://the189.com/architecture/transparent-house-photographed-by-tim-van-de-velde/ 9.24464092039 -34.0766457343 -22.0502574789 3.49466820289 0.0153102427206 231 655.524772692 0
151203 http://www.msa.mmu.ac.uk/continuity/index.php/2010/09/ 8.10314386 -32.9842856188 -22.3099276825 3.03795120409 0.0167110653444 603 1289.6092054 0
151203 http://www.msa.mmu.ac.uk/continuity/index.php/2011/09/ 8.66056462062 -33.0625559486 -22.4885690516 3.22916800817 0.0167037737327 681 1729.29208909 0
151203 http://www.barbarastauffachersolomon.com/whywhynot.html 7.84110748728 -34.8863306834 -22.337556754 2.81705390922 -0.0953780899696 157 509.422326267 0
151203 http://www.macba.cat/en/ 8.15460513515 -33.975269964 -23.107835409 3.05648133697 -0.095211958622 468 929.479908996 0
151203 http://www.designboom.es 8.12271847859 -33.5069292827 -22.970220952 2.98525124294 0.0159307688863 567 1632.31845268 0
151203 http://viaf.org/viaf/9855586 9.61628497446 -31.7122936484 -20.7235084068 3.66190515484 -0.140944716508 2841 6545.70686272 1
151203 http://www.casabatllo.es/en/galeria/galeria/craigwayne88-4/ 24.283782743 -24.5989819203 -11.8022909937 10.4997733488 0.0250409274665 1505 5387.25577021 1
151203 http://www.casabatllo.es/en/brand/ 8.67576750767 -34.1956567029 -22.4583970688 3.26668252794 -0.0952994926703 304 945.839629046 0
151203 http://luacoderch.com 6.63669507166 -35.5775079403 -23.3388300605 2.53404304284 0.00785982562415 40 144.839364123 0
151203 http://www.msa.mmu.ac.uk/continuity/index.php/category/caruso-st-john/ 6.73379781485 -33.9747322483 -23.2017114766 2.43259522533 -0.0952290258071 436 1077.51545911 0
151203 http://www.msa.mmu.ac.uk/continuity/index.php/2010/01/ 6.83729510014 -32.9483208936 -22.7868547098 2.60962241814 -0.0951272466817 627 1394.70533473 0
151203 http://www.casabatllo.es/en/antoni-gaudi/ 13.5731904741 -31.3399236046 -17.0618973005 5.1307676447 0.0250545393522 689 1749.48409018 1
151203 http://thebluelantern.blogspot.com/2014_10_01_archive.html 3.03655346229 -34.225127195 -23.1911455824 0.94195533812 -0.141551852386 2065 5159.25008236 0
151203 http://www.parkguell.cat/en/ 8.42497582053 -34.1943278216 -23.0314945171 3.55642200166 0.00785167072336 225 416.579452612 0
151203 http://brilliantasylum.blogspot.com/search/label/travel 13.1062005832 -30.8129352593 -18.0965870975 4.70492341881 0.0244864530579 1406 3122.52814637 0
151203 http://www.casabatllo.es/en/category/news/culture-heritage/ 12.5530555584 -33.5697544491 -18.727255762 4.67207449239 0.0163319256662 465 1415.85253882 0
151203 http://www.casabatllo.es/en/gallery/photocontest/ 23.214634208 -26.081899782 -12.9852921231 9.85853919175 0.0250621398397 1353 3876.72518997 1
151203 http://ecoastarchreview.blogspot.com/ 6.84528076209 -32.5441816781 -22.4060844893 2.66357037797 -0.0950852131307 706 1373.25204246 0
151203 http://www.thedailybeast.com/newsweek/2012/12/16/for-camille-paglia-the-spiritual-quest-defines-all-great-art.html 6.51113636698 -31.6751048172 -21.1598085113 2.13574091446 0.0245783848962 3542 7269.73988416 0
151203 http://www.msa.mmu.ac.uk/continuity/index.php/2011/07/ 10.0980557783 -32.2572210479 -21.9448002885 3.93462631318 0.0166974221328 749 1812.63486598 0
151203 http://www.casabatllo.es/en/letter-director/ 8.7022139023 -34.1956567029 -22.6443406888 3.27749445202 -0.0952994926703 304 888.461161233 0
151203 http://www.msa.mmu.ac.uk/continuity/index.php/2014/10/ 6.70819333836 -33.389146247 -23.0561540123 2.49807201654 -0.0951591957369 567 1347.35502223 0
151203 http://www.casabatllo.es/en/ 9.07219865156 -33.7915871275 -22.3767959209 3.51029147714 -0.0952551717955 387 1243.70417834 0
151203 http://www.urbanphoto.net/blog/category/interior-space/ 7.11199724854 -30.4003017969 -23.1513963484 2.66752633572 0.0164801594073 3592 7079.09245057 0
151203 http://traveldestinationbucketlist.com 9.2621815024 -34.1946306565 -22.242415446 3.53973604623 -0.0953320921469 243 504.594401964 0
151203 http://wordmunger.com 3.22658333482 -33.5518148248 -23.1917725256 1.01555545423 -0.140619054709 3260 5485.61729475 1
151203 http://www.casabatllo.es/en/visit/ 19.4346731286 -29.7038583013 -15.1686697086 7.74912790384 0.025058424931 781 1929.87566821 1
151203 http://anygivenname.org/2008/01/29/new-york-tobias-putrih/ 9.21915396948 -34.4801417366 -21.3809425063 3.47645899231 -0.0954011055305 114 462.865336003 0
151203 http://www.discoverfrance.net/France/Art/nouveau.shtml 8.01074982819 -32.0177436624 -20.0654520489 2.79576837564 0.0225246049561 1456 3870.39621031 0
151203 http://www.guardian.co.uk/artanddesign/2006/jan/16/architecture.spain 7.96406967125 -32.7026081441 -19.8696568768 2.7783955819 -0.142424682477 961 2457.84469111 1
151203 http://www.thedailybeast.com/newsweek/2009/02/06/we-are-all-socialists-now.html 6.58939521328 -31.67487356 -21.1790161541 2.16157236154 0.0245802796117 3528 7435.55002271 0
151203 http://www.casabatllo.es/en/events-room/ 10.6280763166 -32.408316994 -21.3898992356 4.21198095332 0.0161434776768 567 1202.06939288 0
151203 http://kulturnav.org/language/en/a5d83d8d-c3ea-4b96-8a91-fea324706174 13.8783979306 -30.3999225143 -16.9717991037 5.45394119513 0.0245816483836 955 2642.46021216 1
151203 http://www.urbanphoto.net/blog/2010/01/ 5.02838537548 -32.1549803557 -22.0707205259 1.75379289911 -0.141113970283 2624 6559.02461435 0
151203 http://www.theartstory.org/movement-art-nouveau.htm 9.41895611965 -30.4288715116 -19.8836383368 3.38132481541 0.0245447303786 2691 4229.47266228 0
151203 http://en.wikipedia.org/wiki/List_of_Gaud%C3%AD_buildings 9.54407812253 -32.4144065954 -22.2903356546 3.79972528785 0.0166581941892 930 2989.53621764 1
151203 http://whc.unesco.org/en/list/320/ 9.72858460797 -30.4117415688 -19.5363691714 3.55273139278 0.0248439630611 2325 6280.58683904 1
151203 http://www.collectorsagenda.com/en/in-the-studio/lua-coderch 8.47957313315 -32.4860591423 -23.1642454464 3.27791296748 0.0163400878308 1355 2585.83442767 0
151203 http://eugene.kaspersky.com/tag/events-2/ 6.24867881886 -33.6512223272 -24.3017216701 2.26032007534 -0.094818450555 1209 2604.36115475 0
151203 http://www.msa.mmu.ac.uk/continuity/index.php/2013/04/ 7.24202824774 -33.9734884114 -22.8507674574 2.64671342363 -0.0952685171175 362 790.602273133 0
151203 http://thebluelantern.blogspot.com/2014/10/niki-de-saint-phalle-revolutionary.html 4.5331093476 -34.2117749982 -22.0805329334 1.43223788236 -0.142183265866 1265 3262.25370757 1
151203 http://www.museupicasso.bcn.es/en/ 9.85632228682 -33.502980377 -22.0558413167 3.94164995603 -0.0952845364407 332 789.004891325 0
151203 http://www.herrarium.eu/ 9.6768934005 -34.4798050079 -20.9051019852 3.68156228001 -0.0954118142276 94 275.851910135 0
151203 http://www.petersaurus.blogspot.com/ 4.69771817272 -33.4171265039 -22.0769770352 1.49445290099 0.0248056254922 2241 4543.41599694 0
151203 http://archinect.com/news/article/53722256/discovering-khidekel 6.85498310571 -32.2572210479 -22.4204778141 2.69707634408 -0.0950623497176 749 1986.92641842 0
151203 http://www.msa.mmu.ac.uk/continuity/index.php/2011/01/ 7.30066503857 -33.7915366978 -22.7555190858 2.6949687158 -0.0952567730367 384 878.077431606 0
151203 http://www.msa.mmu.ac.uk/continuity/index.php/2009/09/ 8.97401585087 -32.5920152444 -21.9426329812 3.41924711608 0.0167067643932 649 1525.44579507 0
151203 http://www.barcelonacreativa.info/documents/Marie-ChristineBourven.pdf 7.95358494942 -34.8854721577 -23.1258889507 3.26169215981 0.00785691436525 106 361.101263546 0
151203 http://www.collectorsagenda.com/en/talks/jean-philippe-vassal 7.25697285577 -33.9734547871 -22.8402598273 2.65307398096 -0.0952695849048 360 1045.76968968 0
151203 http://sandrasstudio.blogspot.fr/search/label/postcards 3.2505236012 -34.2228781757 -23.0730193996 1.0105445775 -0.141658009788 1930 2436.14078963 1
151203 http://act.mit.edu/people/professors/renee-green/ 7.42683167727 -33.7955516046 -23.3726576527 2.67417392477 0.014862566031 623 1394.11252876 0
151203 http://www.msa.mmu.ac.uk/continuity/index.php/2009/03/ 7.66037040604 -32.0136804677 -22.5443298952 2.88123164401 0.016654210403 1213 2975.42722825 0
151203 http://www.msa.mmu.ac.uk/continuity/index.php/category/cards/ 6.52902204157 -32.5456914751 -22.9288479572 2.53557414591 -0.0950373720489 796 1779.25594835 0
151203 http://www.msa.mmu.ac.uk/continuity/index.php/category/studio-programme/ 8.6309292815 -31.1353377725 -22.2163847404 3.32477439214 0.0166317618751 1455 3399.76828854 0
151203 http://www.msa.mmu.ac.uk/continuity/index.php/category/barcelona/ 10.1668069131 -31.7881767347 -21.8942741714 4.01360262083 0.0166673178791 1072 2319.0774244 0
151203 http://steve-lovelace.com/nonfiction/language/ 6.66441480363 -34.4857427227 -23.7144003871 2.35267418714 -0.0952231582721 447 961.045569679 0
151203 http://www.curbed.com/historic-preservation 7.07728236609 -32.5066254204 -23.0777855216 2.57779616738 0.0158485852266 1241 2530.49728887 0
151203 http://news.bbc.co.uk/1/hi/entertainment/arts/1834624.stm 19.2255454894 -31.0308309848 -15.3516789758 7.83243311744 0.0251695612969 468 1274.14650827 1
151203 http://www.msa.mmu.ac.uk/continuity/index.php/2010/04/ 7.04243955641 -33.1876861862 -22.7801943287 2.66961887195 -0.0951842374903 520 1178.56904406 0
151203 http://www.iconeye.com/news/news/issue-097-is-out-now 6.89802331265 -33.1884419658 -22.8384481453 2.60404849927 -0.095160261075 565 1377.2243557 0
151203 http://www.twitter.com/CasaBatlloGaudi 11.7334168166 -31.6917283004 -19.0066976528 4.52271019864 0.0165956167982 1605 3274.62110529 1
151203 http://www.ball-nogues.com/ 3.93420530682 -29.8501675664 -23.60125616 1.43343528845 0.0154042841861 13554 18248.7922037 0
151203 http://www.stefanoboeri.net/ 9.8602154774 -33.5661565805 -21.4670356939 3.80639846873 0.0142094520333 251 736.016368038 0
151203 http://www.msa.mmu.ac.uk/continuity/index.php/2012/01/ 7.3218736461 -33.7913181596 -22.7900364215 2.709987459 -0.0952637123708 371 809.936676761 0
151203 http://www.atributosurbanos.es/en/terms/terrain-vague/ 9.65591361248 -33.059029638 -22.0868024917 3.71642259546 0.0167794256015 471 1560.0042611 0
151203 http://www.msa.mmu.ac.uk/continuity/index.php/category/italy/ 9.09997682083 -31.1292227491 -22.0533249634 3.50692221137 0.01663389281 1432 3149.95099164 0
151203 http://www.casabatllo.es/en/history/casa-batllo/building/ 8.06110796052 -33.5725087768 -22.9204479846 2.96981357247 0.0152425717643 629 1629.19357885 1
151203 http://judywise.blogspot.com/ 7.86175346735 -33.2929238752 -20.4498884234 2.67942020896 -0.142304665919 1112 1868.12322902 0
151203 http://www.visual-arts-cork.com/famous-artists/salvador-dali.htm 4.40369882603 -34.9008379037 -22.3471707483 1.40536578675 -0.0949179796987 1021 2255.43488521 0
151203 http://www.newliturgicalmovement.org/2010_07_01_archive.html 3.88970269045 -30.8899950472 -23.2809327078 1.32777178719 0.00791165586177 8100 13698.4987712 0
151203 http://www.ctv.es/USERS/ags/Gaudi-SF.htm 8.83724932939 -35.5771373828 -20.8712344811 3.43021693845 0.00786079652328 18 66.6423986613 0
151203 http://www.gaudidesigner.com/uk/index.html 19.4932410462 -33.0935611585 -13.4136015952 7.71759791303 0.0251041093738 97 387.950028135 1
151203 http://www.casabatllo.es/en/visit/opening-hours/ 13.8224693321 -33.0981877903 -17.3875329341 5.13511548341 -0.14289476781 372 1154.62438466 0
151203 http://maisonlunatique.blogspot.com/2007_05_01_archive.html 9.35949717149 -32.1934073971 -22.3088123004 3.58345209124 0.0161103947214 1058 3844.37608219 0
151203 http://www.casabatllo.es/en/category/antoni-gaudi/ 12.9836284675 -32.6949073359 -17.662868646 4.76995951802 0.0247447965372 502 1443.27796687 1
151203 http://www.bdonline.co.uk/news/popes-visit-could-fast-track-gaudi-sainthood/5008461.article 15.3131405034 -34.4796366294 -16.6967000661 5.94939095205 -0.0954171694777 84 283.587881697 0
151203 http://www.mirallestagliabue.com/ 7.72447342518 -35.1723628223 -22.7978047996 3.12466465712 0.00785898731335 59 284.278675949 0
151203 http://arslonga.dk/Barcelona_Photos_Antoni_Gaudi.htm 13.700886096 -28.5689270414 -17.521087382 5.24190104026 0.0248023064706 2628 9458.28992255 1
151203 http://www.msa.mmu.ac.uk/continuity/index.php/category/peter-wilson/ 7.08811196192 -33.7920745702 -22.9077457055 2.60464869209 -0.0952396959053 416 929.015830588 0
151203 http://www.msa.mmu.ac.uk/continuity/index.php/2010/05/ 7.46010668766 -32.1918830537 -22.5891985549 2.8444636339 0.0166770921764 967 2077.4473964 0
151203 http://richardrabel.com/the-modern-sybarite/contemporary-minimalist-architecture-in-a-barcelona-home-overlooking-the-ocean/ 10.403049683 -33.2797695653 -21.5607936509 4.07900732615 0.0167816646021 328 875.309372384 0
151203 http://www.casabatllo.es/en/history/barcelona-modernism/ 11.7030843729 -31.4289147895 -20.8822053523 4.83443417403 0.0167736232257 652 1678.65390583 1
151203 http://www.thedailybeast.com/newsweek/galleries/2012/01/21/gop-primary-south-carolina-charles-ommanney-photos.html 6.60833352515 -31.674642285 -21.1697244406 2.16836689691 0.0245821746193 3514 7425.30673993 0
151203 http://instituteformodern.co.uk/2011/04 8.75106759132 -32.1480985409 -22.6006574959 3.28254573594 0.0149096444323 1266 2464.31667915 0
151203 http://www.casabatllo.es/en/gallery/casabatllo/page/2/ 24.2561135359 -24.6271894826 -11.8271281588 10.4955167276 0.0250407880303 1506 4976.8515974 1
151203 http://blog.buildllc.com/2009/04/heinz-isler-a-few-important-things/ 7.91220256532 -32.7027589429 -21.6112140189 2.89782168969 0.0165204327259 970 2483.26253907 0
151203 http://www.casabatllo.es/en/history/barcelona-modernism/block-discord/ 11.4542022669 -32.9420695609 -20.7752258587 4.67495241014 0.0165418087206 255 848.796787614 1
151203 http://www.casabatllo.es/en/category/casa-batllo/ 8.28592777064 -33.6406957653 -23.1637340275 3.17076698289 -0.095151739038 581 1464.81508982 0
151203 http://www.msa.mmu.ac.uk/continuity/index.php/2006/05/ 8.61801650045 -32.5482396303 -22.719375251 3.21351770484 0.0166788620838 948 2268.71689654 0
151203 http://territoiredessens.blogspot.com/2011_03_01_archive.html 7.83361448476 -31.412637141 -22.738844651 2.90479933824 0.014829131746 1970 4114.90112886 0
151203 http://www.mascontext.com/issues/20-narrative-winter-13/beyond-built-architecture/ 8.62787452844 -30.7717455276 -21.6960743283 3.38155900742 0.0165937648009 1384 2516.78471616 0
151203 http://kellymcguill.blogspot.com/2016/04/chicos-new-home-and-new-catalog.html 6.49714955184 -34.8897455189 -22.4684803785 2.20897796195 -0.0952695849048 360 875.202892541 0
151203 http://www.casabatllo.es/en/history/casa-batllo/ 7.28730330396 -33.289942367 -23.4874946591 2.61593358852 0.0161774153004 934 1971.80211909 0
151203 http://www.katiemay.net/ 8.55081172749 -34.1930993445 -22.7293389405 3.66028439521 0.00785488658105 152 249.436002988 0
151203 http://maricormaricar.com/ 5.23356227516 -33.6011112901 -21.899404925 1.71372349721 0.000753788340668 2341 3788.0644345 0
151203 http://ro.pinterest.com/keithgawronski/maison-nouveau/ 9.4775478676 -34.0834015477 -20.0204610493 3.30644720612 0.0167530243853 633 1662.24568754 0
151203 http://www.distantlands.com/ 7.86021386889 -34.8904347432 -20.4751078663 2.6528742073 -0.0952477000482 401 1197.07241632 0
151203 http://sandrasstudio.blogspot.ca/search/label/postcards 3.2505236012 -34.2228781757 -23.0730193996 1.0105445775 -0.141658009788 1930 2436.14078963 0
151203 http://architectdesign.blogspot.com/2010_11_07_archive.html 7.5808343598 -30.8042904678 -21.1200936112 2.6844967908 0.0245402820153 3824 3987.74429426 1
151203 http://www.casabatllo.es/en/category/news/events/ 11.8687313843 -33.2824252062 -18.6985763947 4.58834331286 -0.0952023610186 486 1209.23476722 0
151203 http://www.curbed.com/barcelona-architecture-real-estate 16.7114826361 -28.6718827899 -15.722957718 6.6676367072 0.0250629779076 1347 2865.84999812 0
151203 http://wordmunger.com/index.php 3.19487968725 -33.5518148248 -23.1882915435 1.0053509617 -0.140619054709 3260 5520.1765329 0
151203 http://museuhistoria.bcn.cat/en/node/654 9.88921859975 -32.5447185819 -22.0324599925 3.95113904806 0.016385283443 738 1649.8076969 0
151203 http://worldcat.org/identities/lccn-n96064426 8.599835027 -33.5680233033 -22.9036190202 3.70025629968 0.00784564258615 362 874.733984223 0
151203 http://architecturalwatercolors.blogspot.com/search/label/Christopher%20Wren 5.92578154504 -33.1960060591 -22.4252168396 2.1575070085 -0.094920629603 1016 2661.89521579 0
151203 http://www.aciprensa.com/arte/gaudi/gaudi.htm 8.79750109098 -32.4995211686 -20.3976136288 3.07022913071 0.0163113130607 2162 7403.86202815 0
151203 http://willwiles.blogspot.com/search/label/speculation 4.8108166118 -32.2891923386 -22.2346310307 1.65626767627 -0.14108196032 2665 6240.32003399 0
151203 http://www.casabatllo.es/en/gallery/casabatllo/page/3/ 24.0591916642 -24.5675940373 -11.7075653341 10.4141168223 0.025028403395 1475 6091.17746154 1
151203 http://www.msa.mmu.ac.uk/continuity/index.php/2013/09/ 6.08933769231 -32.549261637 -23.0862840734 2.35169215125 -0.0949243397175 1009 2372.65987104 0
151203 http://brilliantasylum.blogspot.com/search/label/post%20modern%20design 18.9950061354 -31.2663963465 -15.1689134341 7.44041510027 0.024974789916 419 1111.49281315 1
151203 http://www.instantshift.com/2009/02/19/80-strange-and-fantastic-buildings-architecture/ 6.57378537898 -29.8118014501 -20.8122923271 2.36083065267 0.0205138865336 4722 10188.359769 0
151203 http://tagr.tv/tag/barcelona/ 8.5934118532 -32.9889159225 -23.0010701155 3.27025431038 0.0163611980331 879 2556.26176287 0
151203 http://architect.architecture.sk/le-corbusier-architect/le-corbusier-architect.php 7.81914354938 -32.2990525944 -21.3544624149 2.91864102428 0.0152381165018 1075 2864.38858696 0
151203 http://www.urbanphoto.net/blog/2009/07/ 4.49285216076 -32.9735297212 -22.2712741557 1.47532238414 -0.141496870422 2135 4641.68110336 0
151203 http://www.thedailybeast.com/ 6.5177831578 -31.6750222274 -21.1565242195 2.13812486814 0.0245790615468 3537 7266.39453843 0
151203 http://www.casabatllo.es/en/category/news/inspirations/ 13.8545033913 -32.40678846 -17.1708269473 5.15228105914 0.0247820023858 476 1233.67487212 0
151203 http://www.casabatllo.es/en/category/antoni-gaudi/figure/ 10.7999355474 -32.5891604204 -21.2716657039 4.30727121103 0.0167674731183 479 1439.83764704 1
151203 http://www.msa.mmu.ac.uk/continuity/index.php/2006/08/ 7.47566665758 -32.8201565887 -23.182100135 2.72888406733 0.0166901266841 947 2139.62407491 0
151203 http://lyns-shadesofgrey.blogspot.com/2008_10_01_archive.html 8.0217837616 -32.8933794916 -20.4627547661 2.69727389452 0.0248792795201 1466 2875.78042533 1
151203 http://www.msa.mmu.ac.uk/continuity/index.php/2006/06/ 7.25878297787 -32.2660655717 -23.0834359144 2.67853880938 0.0166482677104 1277 3025.12860522 0
151203 http://rkd.nl/en/explore/artists/236320 12.7872407569 -34.4812358438 -18.2071906792 4.74361863348 -0.0953663188601 179 421.49505219 0
151203 http://www.pinterest.com/cappellininext/cap-projects/ 7.68264441556 -32.0226522808 -23.0815780761 2.79351475022 0.0163709260361 1750 2402.83189298 0
151203 http://www.casabatllo.es/en/magic-nights/ 14.4831997729 -33.2791473349 -16.9210401448 5.38946337538 -0.142959657345 291 805.994818208 1
151203 http://www.cosmopolis.ch/english/art.htm 6.807361585 -34.8926694303 -21.0948683767 2.25451360082 -0.0951767768664 534 1410.79961622 1
151203 http://www.msa.mmu.ac.uk/continuity/index.php/studyarchitecture/ 7.17966420637 -32.495764952 -22.3166020579 2.80816275419 -0.0951453485118 593 1234.80234872 0
151203 http://www.msa.mmu.ac.uk/continuity/index.php/category/peter-zumthor/ 7.10624241355 -33.9736397164 -22.9973344872 2.59483097921 -0.0952637123708 371 812.041774326 0
151203 http://www.youtube.com/casabatllo 8.07536512184 -32.9658123857 -20.7682765369 3.00638858436 -0.0945742212926 1672 3518.58367847 1
151203 http://id.loc.gov/authorities/names/n79079077 14.7209937356 -33.2804252901 -17.8521285489 5.68990912393 0.016531426522 367 836.458458679 0
151203 http://www.usatoday.com/travel/destinations/10great/2004-09-02-subways_x.htm 7.00075587733 -33.7944098348 -21.9128901522 2.50778808995 -0.0951655881233 555 1438.38238557 0
151203 http://www.curbed.com/historic-preservation/archives 7.0804190931 -32.5066086907 -23.2666511051 2.57810292649 0.0158486736077 1240 2512.72853615 0
151203 http://www.casabatllo.es/en/gallery/xarxa-social/ 24.0804684435 -24.6308316733 -12.0550261973 10.374563104 0.0250244847082 1623 6411.00835538 1
151203 http://www.msa.mmu.ac.uk/continuity/index.php/category/john-soane/ 6.57766789858 -33.9749843145 -23.3650025385 2.37257406468 -0.0952210248023 451 1039.90447131 0
151203 http://www.wikidata.org/wiki/Q25328 12.2817792431 -32.149252506 -19.1765924348 4.82203481104 0.0166763276408 1335 3597.08121628 1
151203 http://brilliantasylum.blogspot.com/search 13.5033008188 -30.6581493688 -17.8704179943 4.87744325917 0.0244916382928 1368 2753.31985958 0
151203 http://michaellafetra.com/schindler-2422-silver-ridge-ave-neutra-designed-garden/ 6.40465952316 -33.390355085 -23.2821917926 2.37141742495 -0.0951208594449 639 1579.69916181 0
151203 http://www.casabatllo.es/en/events-room/attic/ 7.98275101757 -33.9754211792 -23.2373650992 2.98675588336 -0.0952071595784 477 1135.50109607 0
151203 http://www.casabatllo.es/en/category/news/mapping/ 10.4693790954 -33.975370775 -19.454669532 3.82496284868 -0.0952087592058 474 1186.21378649 0
151203 http://www.casabatllo.es/en/events-room/noble-floor/ 8.75359021206 -34.1955053411 -22.4047059809 3.30269388218 -0.095304301027 295 848.799993852 0
151203 http://www.instantshift.com/2009/02/26/50-more-unusual-buildings-architecture/ 8.46858524266 -30.5369803904 -19.542739644 3.10482237473 0.0247572007326 2109 5303.83333484 0
151203 http://www.casabatllo.es/en/mapping-awakening/ 10.1890739941 -33.7890982544 -21.7039693422 4.05005081023 -0.0953342305967 239 743.471462754 1
151203 http://www.msa.mmu.ac.uk/continuity/index.php/category/riba/ 8.01211022664 -33.388323287 -22.747978012 2.96470306979 0.0167190185835 518 1206.99394893 0
151203 http://monkeyposh.blogspot.com/ 7.37740238638 -33.5172391185 -20.8339500578 2.46862941814 -0.142249097694 1182 2498.13249982 1
151203 http://www.msa.mmu.ac.uk/continuity/index.php/2012/05/ 7.02888653992 -33.7920577632 -23.0033062775 2.58511620042 -0.0952402294729 415 930.64137014 0
151203 http://google.com/+casabatllo 15.0974858158 -31.434297882 -17.635038267 5.71424618283 0.0250483094485 973 2682.24039973 1
151203 http://www.pinterest.com/casabatllo 9.4646635437 -34.4806804239 -21.8040354437 3.6075648156 -0.0953839766141 146 275.889524296 1
151203 http://www.msa.mmu.ac.uk/continuity/index.php/2011/05/ 7.10475975648 -33.5050142925 -22.8549393534 2.65474992534 -0.0952199581032 453 968.801903839 0
151203 http://www.world-architects.com/index.php 8.18231505948 -31.3169908652 -22.3802477491 3.14072325107 0.0165686143424 1415 4158.1287248 0
151203 http://www.aggregat456.com/2007_07_01_archive.html 6.27590557089 -30.2491571874 -20.9721323321 2.29909389825 0.0235979294862 4096 7827.66359571 0
151203 http://www.thedailybeast.com 6.48380214278 -31.674890079 -21.1456670093 2.1269048037 0.0245801442652 3529 7527.19527628 0
151203 http://brilliantasylum.blogspot.com/ 13.3923922236 -30.6581159329 -17.8586961773 4.83980375457 0.0244919112607 1366 2729.61147133 0
151203 http://www.msa.mmu.ac.uk/continuity/index.php/contact-us/ 7.21703285679 -34.1960434818 -22.9223338126 2.60903878929 -0.0952872068517 327 724.58715132 0
151203 http://architect.architecture.sk/oscar-niemeyer-architect/oscar-niemeyer-architect.php 8.87443740202 -32.4763463856 -20.9498673229 3.33361424326 0.0154873194078 775 2060.63360613 0
151203 http://les-calepins-de-lapin.blogspot.com/2016/07/carnet-de-bagnoles-in-le-mans-classic.html 8.65425667335 -33.9798366605 -20.3825478733 3.06232060645 -0.0950671341733 740 1945.60621581 0
151203 http://www.msa.mmu.ac.uk/continuity/index.php/2008/01/ 6.72773434363 -32.8855496031 -23.156971524 2.45297169554 0.016674205239 998 2758.04067819 0
151203 http://www.tripadvisor.com/Attraction_Review-g187497-d191052-Reviews-Casa_Batllo-Barcelona_Catalonia.html 19.7065766233 -27.5475749578 -14.8254016592 8.04867413228 0.0246513569937 1544 2978.36925638 1
151203 http://www.cepagallery.org/ 6.28872081329 -34.4865324108 -22.4865990543 2.14918249265 -0.0951980960381 494 983.776115192 0
151203 http://www.ivu.org/history/europe20a/gaudi.html 13.162989267 -32.5957559874 -18.7457742231 5.02473421354 0.0167194738283 872 3772.63335182 1
151203 http://www.guardian.co.uk/world/2003/jul/11/arts.spain 15.817134925 -32.5887067571 -17.4544294615 6.32313214834 0.0167476040844 452 1169.70665755 1
151203 http://www.msa.mmu.ac.uk/continuity/index.php/2009/11/ 7.77949701143 -33.3890286952 -22.8952653552 2.86117827969 0.0167150878018 560 1343.30019977 0
151203 http://www.casabatllo.es/en/management-team/ 7.25092057758 -34.1988167389 -23.5739698672 2.6354897286 -0.0951991622474 492 1128.14545494 0
151203 http://www.newyorker.com/arts/critics/notebook/2008/10/20/081020gonb_GOAT_notebook_aletti 7.4580499276 -34.4843140352 -21.9681696344 2.60464938095 -0.0952685171175 362 935.026098008 0
151203 http://www.emilianadesign.com/ 7.20773597815 -35.5770531588 -21.979601982 2.80854361286 0.00786101721563 13 73.6273271303 0
151202 http://d-nb.info/gnd/118673076 9.47999204008 -22.3905178756 -12.1223798961 3.92960494673 0.00785259556328 204 1023.01590068 0
151202 http://www.fondationbeyeler.ch/fr/expositions-1 13.0379738541 -19.6768623658 -9.74599550633 5.288229985 0.0167588702866 690 1911.60170487 1
151202 http://mountshang.blogspot.com/2006_01_01_archive.html 5.10274913897 -20.5155203688 -13.3421533156 1.89928594847 -0.0943040362127 2187 5369.14791642 1
151202 http://heterotopiques.blogspot.fr/2012/05/blv-et-la-sculptureles-sculpteurs-de.html 5.78914748459 -18.972709696 -12.8092085856 2.17176118004 0.0162971156953 4528 9083.14972891 0
151202 http://heterotopiques.blogspot.fr/search/label/animal 7.73910238819 -20.6080030703 -11.7332955284 2.85080076868 0.0164367347622 1030 2617.38149435 0
151202 http://worldcat.org/identities/lccn-n79005616 7.55510212343 -20.6147584024 -12.404438239 2.65769594755 0.0166817830255 1636 3818.51094559 0
151202 http://www.newcriterion.com/articles.cfm/The-Varnedoe-debacle--MOMA-s-New--Low--5356 5.56298456065 -21.7103302713 -13.2913006656 1.87551135524 0.0166291433539 1363 3533.3864945 0
151202 http://lesliewilliamsonphoto.blogspot.co.at/search/label/landscape%20architecture 5.66711038324 -21.205747541 -13.3051151765 1.91027215489 0.0142329379739 1924 3712.68271873 0
151202 http://heterotopiques.blogspot.com/2012/09/sculptures-une-absente-didier-vermeiren.html 8.34260901656 -18.7669638969 -11.2191513566 3.19073154479 0.0165921719552 2245 5205.03703631 0
151202 http://heterotopiques.blogspot.fr/search/label/Clement%20Greenberg 7.02420263545 -20.4575561572 -12.1139138514 2.57127823768 0.0162614312066 1362 3555.03988519 0
151202 http://www.haberarts.com/louiseb.htm 6.23624579361 -21.484141671 -12.7549938445 2.14556063374 0.0165093681455 1090 3024.24278944 1
151202 http://www.brucesilverstein.com/index.php 6.88701652572 -23.4879631526 -13.0175607835 2.538045919 0.00785717893603 100 514.538840717 0
151202 http://tom-flynn.blogspot.com/p/tom-flynn-publications.html 4.41201803957 -20.1635424068 -14.0719399662 1.64199995141 -0.0933850430121 3961 7789.90052792 1
151202 http://adeleart.com/family/frank-mcewen/the-dark-gift/ 7.32919211295 -22.3924352332 -12.0648756351 2.56132908169 -0.0952615770834 375 1005.08856396 0
151202 http://www.artnews.com/2015/03/04/velvet-ropes-and-mirrors-set-the-tone-at-elegant-adaa-opening/ 5.1176863692 -21.5544847517 -13.2847858021 1.7826667106 -0.0948173928563 1211 2305.390688 1
151202 http://lesliewilliamsonphoto.blogspot.cz/search/label/american%20craftspeople 3.70270399637 -21.7233614426 -14.2911725151 1.19600662564 0.00172741214836 2536 4064.28897533 0
151202 http://lesliewilliamsonphoto.blogspot.com/search/label/landscape%20architecture 5.66711038324 -21.205747541 -13.3051151765 1.91027215489 0.0142329379739 1924 3712.68271873 0
151202 http://www.sculpture.org/documents/scmag01/julaug01/moore/moore.shtml 5.26674215423 -20.255506776 -13.2474691486 1.99955407595 -0.0941932624113 2399 4844.15538542 1
151202 http://heterotopiques.blogspot.com/2012_09_01_archive.html 8.24623588869 -18.7669528058 -11.2143434531 3.16072896155 0.0165922639678 2244 5206.6809535 0
151202 http://www.jennifermaestre.com/pencil_show.html 4.76643758091 -23.0815549607 -13.6357045948 1.97394509143 0.00786088479873 16 60.4581786966 0
151202 http://florencedemeredieu.blogspot.fr/2011_06_01_archive.html 5.7974211729 -20.7215032846 -13.5732524701 2.00985818311 0.0163967845553 3418 8074.31792583 0
151202 http://www.rurart.org/N/espace_art_rurart/memoires-de-terre/jephan-de-villiers.php 6.74781027631 -21.3015521958 -12.5207644871 2.35528041616 0.016612056021 1066 3091.81271604 1
151202 http://www.lesliewilliamson.com 7.51317226777 -23.0833733671 -12.8643787087 2.89018129798 0.00785374090509 178 605.704235394 0
151202 http://heterotopiques.blogspot.fr/search/label/sculpture 6.37941673263 -16.879627825 -12.346368582 2.44272251622 0.0157740182097 11598 19427.0846932 0
151202 http://heterotopiques.blogspot.com/search/label/Flanagan 7.73910238819 -20.6080030703 -11.7332955284 2.85080076868 0.0164367347622 1030 2617.38149435 0
151202 http://heterotopiques.blogspot.fr/2013/10/roland-cognet-seuls-sont-les-indomptes.html 7.91986551296 -20.6077462298 -11.6942192214 2.91668040765 0.0164388457071 1007 2609.35807857 0
151202 http://lesliewilliamsonphoto.blogspot.cz/search/label/brancusi 10.7827610212 -19.517481101 -11.2871429196 4.29227095963 0.016626167029 1756 3524.28762288 0
151202 http://lesliewilliamsonphoto.blogspot.com/search/label/artists%20studios 9.5611125489 -19.2680535969 -11.8080045985 3.59254825699 0.0165425514258 2665 4355.28789398 0
151202 http://heterotopiques.blogspot.com/2012/10/eric-valentin-claes-oldenburg-et-coosje.html 6.28913581295 -21.8850808411 -12.5789546279 2.20291877401 -0.0950963829811 685 1896.28889164 0
151202 http://www.theartstory.org/movement-minimalism.htm 6.97421128657 -18.5042199592 -12.16121774 2.60235231335 0.0162947530018 4309 5991.66414513 1
151202 http://lesliewilliamsonphoto.blogspot.cz/search/label/heath%20ceramics 3.99609619042 -21.4356350771 -14.0442774369 1.29915690021 0.0125904558365 2532 4245.35632211 0
151202 http://artwithaneedle.blogspot.ca/search/label/reading 5.13134539785 -20.0696455707 -13.5580777998 1.70952055219 0.0162011663086 4375 7513.05997652 0
151202 http://www.meetsebastian.com/ 4.15518517652 -23.4869414584 -13.9313087205 1.62431560433 0.00786119377843 9 30.1943342802 0
151202 http://www.sothebys.com/en/news-video/blogs/all-blogs/sothebys-at-auction/2013/10/whimsical-world-les-lalanne.html 5.5044927783 -21.887261275 -13.0489394708 1.89606950918 -0.0949927637865 880 1821.02709866 1
151202 http://www.ilovefiguresculpture.com/ 4.7744438291 -23.0814763503 -13.0329989797 1.98557341239 0.00786119377843 9 20.1815623939 1
151202 http://heterotopiques.blogspot.fr/search/label/Bourdelle 7.73910238819 -20.6080030703 -11.7332955284 2.85080076868 0.0164367347622 1030 2617.38149435 0
151202 http://lesliewilliamsonphoto.blogspot.com/search/label/brancusi 10.7827610212 -19.517481101 -11.2871429196 4.29227095963 0.016626167029 1756 3524.28762288 0
151202 http://heterotopiques.blogspot.com/search/label/Katja%20Strunz 7.10851777105 -20.4575561572 -12.1195858038 2.59757989785 0.0162614312066 1362 3495.37126644 0
151202 http://ludwigfischer.blogspot.com/search/label/Ludwig%20Fischer 4.71756627224 -21.9978785928 -13.690053244 1.5524689821 -0.00260823041598 1351 3383.1967657 1
151202 http://www.pbart.com/tag/sculptures/ 7.45636661318 -19.6802244849 -11.9327883422 2.76169065476 0.0162285549255 1972 4376.82555162 0
151202 http://heterotopiques.blogspot.fr/search/label/revue%20Artistes 5.75441467149 -18.9939930915 -12.8382533078 2.15453032437 0.0162952417456 4549 9102.69814726 0
151202 http://heterotopiques.blogspot.fr/search/label/Gary%20Webb 7.10851777105 -20.4575561572 -12.1195858038 2.59757989785 0.0162614312066 1362 3495.37126644 0
151202 http://www.newcriterion.com/articles.cfm/The-Armory-Show-at-100-7494 5.27903720837 -21.3077942938 -13.296856362 1.78365288351 0.0166381943942 1626 3678.30552267 1
151202 http://www.denarend.com/land-art.htm 6.89435249643 -20.502620222 -11.8871914606 2.64877326948 -0.0949142700813 1028 2600.27229645 1
151202 http://heterotopiques.blogspot.com/search/label/statuaire 7.87358322138 -20.6080030703 -11.7336625249 2.89828835301 0.0164367347622 1030 2654.67340744 0
151202 http://www.abstraktion.org/2013_04_01_archive.html 5.2024351942 -21.7069168252 -13.1836441854 1.80362829996 -0.094898904755 1057 2330.04862874 0
151202 http://www.philamuseum.org/exhibitions/354.html 6.79654414376 -21.8840065229 -12.2868718782 2.40646288671 -0.0951474785918 589 1348.19881526 0
151202 http://heterotopiques.blogspot.com/2012_10_01_archive.html 6.80881513383 -20.3147972133 -12.7568987365 2.35532930567 0.0165791165193 2387 6010.24740807 0
151202 http://heterotopiques.blogspot.fr/search/label/Evan%20Holloway 7.10851777105 -20.4575561572 -12.1195858038 2.59757989785 0.0162614312066 1362 3495.37126644 0
151202 http://www.ruthmoilliet.com/ 4.88506500731 -22.7940637863 -13.9226871648 2.06239914352 0.00786013452059 33 56.6487183516 0
151202 http://www.abstraktion.org/2014_08_01_archive.html 4.16477714196 -22.1138551148 -13.8273701156 1.37952806478 -0.0948290288392 1189 2590.79763371 0
151202 http://heterotopiques.blogspot.com/2013/10/roland-cognet-seuls-sont-les-indomptes.html 7.81322339029 -20.6077462298 -11.6896974922 2.8822291081 0.0164388457071 1007 2619.03487554 0
151202 http://www.pbart.com/tag/expressionism/ 5.65202818018 -21.2037577178 -13.2047304564 1.90412573628 0.0162490407394 1745 3791.67683778 0
151202 http://d-sites.net/english/fabrelouvain.htm 6.11859678754 -21.1010824425 -12.6007129669 2.24089954712 -0.0948846035777 1084 2563.67912071 1
151202 http://florencedemeredieu.blogspot.com/2011_06_01_archive.html 5.76777070013 -20.7215032846 -13.5526018904 1.99898549893 0.0163967845553 3418 8176.74266302 1
151202 http://www.angelarconnor.com/sculpture/ 5.01091392441 -22.5709988348 -13.8280110391 2.14485227647 0.00785982562415 40 134.267997095 0
151202 http://adeleart.com/family/frank-mcewen/a-trip-to-africa/ 8.64263424277 -22.1038451679 -11.2251497612 3.1425924312 -0.0953048353189 294 603.885834355 1
151202 http://heterotopiques.blogspot.com/search/label/Anselm%20Reyle 5.40515040625 -18.8234470817 -13.0905404918 2.11050524242 0.0159050276894 5383 11036.722145 0
151202 http://artwithaneedle.blogspot.ca/2013_05_01_archive.html 6.06629380023 -21.0281203401 -13.3361876501 2.09924394367 0.0163832664553 2347 3786.80767848 0
151202 http://sandidgesculpture.googlepages.com/ 5.13052217434 -22.2349195508 -14.0791346786 2.21694870146 0.0078582815061 75 162.494334066 0
151202 http://newabstraction.net/tag/construction/ 8.13982481922 -21.6997923151 -11.4294221004 2.98744677935 -0.0952375616943 420 1053.10588476 0
151202 http://www.imj.org.il/imagine/thesaurus/artists/T6935.htm 7.91624409985 -23.4871435931 -11.6732690059 3.05128393443 0.00786039930828 27 143.039652672 0
151202 http://www.artnews.com/2012/04/26/serious-fun/ 5.20529844023 -20.940091772 -13.2005620504 1.89441246362 -0.0945973768704 1628 3221.99153214 1
151202 http://nga.gov.au/international/Catalogue/Detail.cfm 7.33183302608 -14.5507816771 -12.5167056026 2.58239257886 0.0127811096055 55858 52680.5975861 1
151202 http://www.guardian.co.uk/artanddesign/2010/dec/20/art-dan-flavin-light-eu 6.62490895577 -21.2987480629 -12.2699226556 2.41822316015 -0.0950272784187 815 1855.4754897 1
151202 http://www.theartstory.org/artist-epstein-jacob.htm 10.4258071871 -18.5082364913 -10.6035470324 4.0102595997 0.0166399146899 1968 3847.35504263 0
151202 http://heterotopiques.blogspot.com/2012/05/blv-et-la-sculptureles-sculpteurs-de.html 5.78914748459 -18.972709696 -12.8092085856 2.17176118004 0.0162971156953 4528 9083.14972891 0
151202 http://www.metmuseum.org/toah/hd/aima/hd_aima.htm 7.82449195759 -19.4129989658 -11.529313614 2.96102241595 0.0165299361924 1835 4124.0372021 1
151202 http://lesliewilliamsonphoto.blogspot.co.at/search/label/american%20craftspeople 3.70270399637 -21.7233614426 -14.2911725151 1.19600662564 0.00172741214836 2536 4064.28897533 0
151202 http://heterotopiques.blogspot.com/search/label/Barye 7.73910238819 -20.6080030703 -11.7332955284 2.85080076868 0.0164367347622 1030 2617.38149435 0
151202 http://www.tate.org.uk/artists/dame-barbara-hepworth 6.05204715469 -21.7042690686 -12.7097622112 2.132048728 -0.0950246225566 820 2124.59876269 0
151202 http://lesliewilliamsonphoto.blogspot.cz/search/label/paris 10.1124913569 -19.5984084685 -11.6946805811 3.95485125771 0.0165932272995 2113 3992.84064775 0
151202 http://dadasurr.blogspot.com/2012/12/james-panero-armory-show-at-100.html 5.46157861947 -21.3067590077 -13.1993851515 1.85257123341 0.0166468092688 1533 3504.01544927 1
151202 http://www.agentofstyle.com/category/culture/music/ 5.43825974331 -21.8938217673 -13.5475082607 1.86157483221 -0.0946816746403 1468 3755.65675493 0
151202 http://heterotopiques.blogspot.com/search/label/Evan%20Holloway 7.10851777105 -20.4575561572 -12.1195858038 2.59757989785 0.0162614312066 1362 3495.37126644 0
151202 http://www.pschlesinger.com/ 4.90986307058 -22.7939514955 -13.7717824219 2.08205482177 0.00786057584333 23 68.3723237075 0
151202 http://heterotopiques.blogspot.fr/search/label/Katja%20Strunz 7.10851777105 -20.4575561572 -12.1195858038 2.59757989785 0.0162614312066 1362 3495.37126644 0
151202 http://www.pbart.com/tag/private-collections/ 6.94541749012 -21.0169044328 -12.5419813492 2.41597771042 0.0162859006014 1338 2880.62768183 1
151202 http://www.nga.gov/content/ngaweb/exhibitions/2004/flavin.html 5.76009370092 -20.9159383397 -13.504212934 1.98512547174 0.0077707893486 2853 4589.5352554 0
151202 http://libris.kb.se/resource/auth/178922 7.70570396843 -23.4873793912 -12.2474523236 2.92656484662 0.00785947262939 48 186.961600026 1
151202 http://heterotopiques.blogspot.com/search/label/Roger%20Hiorns 7.10851777105 -20.4575561572 -12.1195858038 2.59757989785 0.0162614312066 1362 3495.37126644 0
151202 http://lesliewilliamsonphoto.blogspot.com/search/label/landscape 4.58287315432 -21.2128126286 -13.7808149266 1.5115387271 0.0125995062056 2561 4499.30339498 0
151202 http://the189.com/design/leslie-williamson-photographs-constantin-brancusis-atelier/ 10.6613788123 -22.1031050169 -10.6437798218 4.09071897972 -0.0953401118283 228 617.080182104 1
151202 http://mountshang.blogspot.com/2005_11_01_archive.html 6.51559657105 -21.0124517905 -12.2351025546 2.42282530168 -0.0949614568205 939 2166.5518583 0
151202 http://heterotopiques.blogspot.com/search/label/Roland%20Cognet 7.83757215652 -20.6080254027 -11.7416694326 2.88189565263 0.0164365512274 1032 2607.65595421 0
151202 http://the189.com/design/art/constantin-brancusi-artist-and-sculptor/ 14.0277942042 -20.3764223876 -8.75437261981 5.82812772274 0.0167192765072 276 692.924508666 1
151202 http://heterotopiques.blogspot.com/2013_10_01_archive.html 7.80671089605 -20.6077685651 -11.6935293033 2.87946490198 0.0164386621252 1009 2616.51296958 0
151202 http://lesliewilliamsonphoto.blogspot.com/search/label/sculpture 10.0880418715 -19.1891772053 -11.0643055194 3.80758171507 0.0166245030719 1774 3495.81386382 0
151202 http://heterotopiques.blogspot.com/2005_10_01_archive.html 7.28945243421 -20.3882623318 -12.0062522618 2.68319799541 0.0162638783609 1335 3554.67862922 1
151202 http://heterotopiques.blogspot.com/search/label/Brancusi 9.7497832761 -20.0971774465 -11.0504242455 3.65746385127 0.0164367347622 1030 2607.65595421 1
151202 http://www.metmuseum.org/art/metpublications/the_metropolitan_museum_of_art_guide_korean 4.35145480806 -20.1649481815 -14.1298163463 1.61586097242 -0.0933194269089 4089 9211.68070169 0
151202 http://heterotopiques.blogspot.com/search/label/socle 8.29816613455 -18.7891646118 -11.2583061665 3.1691066096 0.0165903319175 2265 5228.64468744 0
151202 http://www.theartstory.org/blog/category/architecture/ 8.76897880551 -21.9876312432 -11.6512949591 3.15684244933 0.0146094165756 434 947.442334785 1
151202 http://www.worldcat.org/oclc/11213990.nt 10.1378523591 -22.1038900167 -11.1403500642 3.82499776494 -0.0953026981876 298 809.083182019 0
151202 http://mountshang.blogspot.com/2007_08_01_archive.html 5.82363147924 -20.2485020593 -12.6668563128 2.24242895616 -0.0945237393591 1768 4277.15195265 1
151202 http://www.timeout.com/newyork/articles/art/35961/louise-bourgeois 6.10267397962 -21.8853381442 -12.6341089339 2.13567313179 -0.0950841494723 708 2247.21932708 1
151202 http://www.artcritical.com/2010/07/29/original-copy/ 7.83643763948 -19.314317708 -11.1934808073 3.05790131688 0.0166357668988 1532 4143.89428302 1
151202 http://www.theartstory.org/blog/category/nyc-museums/ 8.57795967769 -21.9876424467 -11.6501367107 3.08742728006 0.0146093347375 435 944.072524171 1
151202 http://www.moreeuw.com/histoire-art/biographie-victor-brauner.htm 5.59551024954 -22.7988639322 -13.0180015652 1.87084895438 -0.095215691546 461 1500.64729116 0
151202 http://heterotopiques.blogspot.com/search/label/Lonely%20Are%20The%20Brave 7.86708233679 -20.6080254027 -11.7374066624 2.8955387793 0.0164365512274 1032 2654.67340744 1
151202 http://heterotopiques.blogspot.com/search/label/sculpture-photographie 8.23148996007 -18.7457016793 -11.2129677972 3.15714479398 0.0165901479362 2267 5233.58937697 1
151202 http://heterotopiques.blogspot.com/search/label/Jason%20Meadows 7.02420263545 -20.4575561572 -12.1139138514 2.57127823768 0.0162614312066 1362 3555.03988519 0
151202 http://www.rigbysculpture.com/Bibliography.htm 6.23541701982 -17.5708129863 -11.816370179 2.59598383811 0.0161919465797 5220 12914.180937 0
151202 http://www.worldcat.org/oclc/11213990.ttl 8.93551313714 -22.1054702958 -11.8496190063 3.28007666315 -0.0952274254985 439 1199.2039141 0
151202 http://heterotopiques.blogspot.fr/search/label/Didier%20Vermeiren 8.33475561949 -18.7891867912 -11.2564566342 3.18689565489 0.0165901479362 2267 5318.86350587 0
151202 http://heterotopiques.blogspot.fr/search/label/Good%20design 5.3017523489 -19.7198754151 -13.2102353128 1.95336756712 0.0160637706371 3570 7948.54728076 0
151202 http://dadasurr.blogspot.com/2012_12_01_archive.html 5.3692065634 -21.3068035472 -13.1943934415 1.82232533822 0.0166464385529 1537 3544.94336267 1
151202 http://articles.latimes.com/2007/nov/27/entertainment/et-andre27 7.35415006244 -22.3937908502 -12.459885651 2.57611495419 -0.0951970298527 496 1353.37319877 1
151202 http://heterotopiques.blogspot.fr/search/label/Brancusi 9.76385307287 -20.0971774465 -11.0472615491 3.66484477615 0.0164367347622 1030 2654.67340744 1
151202 http://www.lesliewilliamson.com/atelier-brancusi/ 12.9477217115 -21.4090266515 -8.94011902881 5.34412902835 -0.0953845117996 145 407.655610836 1
151202 http://www.pbart.com/category/switzerland/ 7.208038467 -20.327421287 -12.2557917051 2.57856933327 0.0162560918619 1667 3812.91409221 1
151202 http://www.centrepompidou.fr/Pompidou/Manifs.nsf/AllExpositions/FC1C12B8DA1B4E94C125770700343693 4.04253993137 -22.0015534881 -14.0379109835 1.31162255103 0.0135289994548 1681 4349.21517905 0
151202 http://heterotopiques.blogspot.com/2005/10/sculptures-dappartement.html 7.28705925057 -20.3882734791 -12.007693868 2.68220012997 0.0162637877124 1336 3557.5022043 1
151202 http://www.mexicanpictures.com/headingeast/2007/04/brancusi-self-portraits.html 13.0091075222 -20.091564114 -9.68637825322 5.26331270673 0.0167852683795 528 980.05002273 1
151202 http://www.angelarconnor.com/ 4.17854123319 -23.4869414584 -13.7232856015 1.63344621766 0.00786119377843 9 33.5491926638 0
151202 http://mountshang.blogspot.com/2009_05_01_archive.html 5.60843068008 -20.3726939724 -12.9381363868 2.13001875737 -0.0944486421619 1911 3914.57653611 0
151202 http://lesliewilliamsonphoto.blogspot.com/search/label/art 4.54308747086 -21.4256774899 -13.6931824513 1.57373488454 -0.09459369227 1635 3393.7075422 0
151202 http://heterotopiques.blogspot.com/search/label/Bourdelle 7.73910238819 -20.6080030703 -11.7332955284 2.85080076868 0.0164367347622 1030 2617.38149435 0
151202 http://heterotopiques.blogspot.com/search/label/Gary%20Webb 7.10851777105 -20.4575561572 -12.1195858038 2.59757989785 0.0162614312066 1362 3495.37126644 0
151202 http://lesliewilliamsonphoto.blogspot.cz/search/label/landscape 4.58287315432 -21.2128126286 -13.7808149266 1.5115387271 0.0125995062056 2561 4499.30339498 0
151202 http://articles.latimes.com/2007/may/12/entertainment/et-flavin12 6.18146271219 -22.3941604046 -12.7080143806 2.10800065218 -0.0951794412407 529 1520.49973986 1
151202 http://www.pbart.com/tag/oil-on-canvas/ 7.08980050428 -20.4137538208 -12.2714514855 2.52919992152 0.0162616104671 1606 3431.87739008 0
151202 http://heterotopiques.blogspot.fr/search/label/socle 8.33750900947 -18.7891646118 -11.2547324461 3.1880660035 0.0165903319175 2265 5318.86350587 0
151202 http://lesliewilliamsonphoto.blogspot.com/search/label/paris 10.0653834923 -19.5984084685 -11.6829385612 3.93424608438 0.0165932272995 2113 3949.66379172 0
151202 http://www.yuricareport.com/Art%20Essays/PettiboneCopiesModernists.html 6.21826197764 -21.9925323837 -12.9296183649 2.11356001009 0.0145066022922 872 2316.40030095 1
151202 http://heterotopiques.blogspot.fr/search/label/Roger%20Hiorns 7.14157668678 -20.4575561572 -12.1144045144 2.61230492339 0.0162614312066 1362 3576.61652438 0
151202 http://heterotopiques.blogspot.fr/2005/10/sculptures-dappartement.html 7.16766926645 -20.3882734791 -12.0072097596 2.64028630279 0.0162637877124 1336 3535.9635994 1
151202 http://heterotopiques.blogspot.fr/2012/09/sculptures-une-absente-didier-vermeiren.html 8.34260901656 -18.7669638969 -11.2191513566 3.19073154479 0.0165921719552 2245 5205.03703631 0
151202 http://ifitshipitshere.blogspot.com/search/label/modern%20art 5.293773405 -20.866061702 -13.1347508063 1.93983344746 -0.09459369227 1635 3869.57802383 0
151202 http://www.pbart.com/tag/pablo-picasso/ 5.67104371146 -20.7382755717 -13.1274214665 1.93146731141 0.0162123473504 2152 4897.14916357 0
151202 http://art.rmngp.fr/fr/library/artworks 5.7177238762 -22.3950783955 -12.9644051778 1.93102967946 -0.0951357643319 611 2909.59969238 0
151202 http://heterotopiques.blogspot.fr/search/label/Barye 7.73910238819 -20.6080030703 -11.7332955284 2.85080076868 0.0164367347622 1030 2617.38149435 0
151202 http://lesliewilliamsonphoto.blogspot.cz/search/label/landscape%20architecture 5.66711038324 -21.205747541 -13.3051151765 1.91027215489 0.0142329379739 1924 3712.68271873 0
151202 http://heterotopiques.blogspot.fr/search/label/Jason%20Meadows 7.10851777105 -20.4575561572 -12.1195858038 2.59757989785 0.0162614312066 1362 3495.37126644 0
151202 http://heterotopiques.blogspot.fr/search/label/statuaire 7.73910238819 -20.6080030703 -11.7332955284 2.85080076868 0.0164367347622 1030 2617.38149435 0
151202 http://africanartists.blogspot.com/2015_04_01_archive.html 5.00627761918 -19.5874125749 -13.450717834 1.77470987761 0.012617985828 4674 9665.57772625 1
151202 http://lesliewilliamsonphoto.blogspot.cz/search/label/paper%20sculptures 4.99739983542 -21.1069566529 -13.3474981661 1.79033839136 -0.0946063263807 1611 3207.77534322 0
151202 http://heterotopiques.blogspot.com/search/label/animal 7.84408087257 -20.6080030703 -11.7379173076 2.88464374555 0.0164367347622 1030 2607.65595421 0
151202 http://www.artnet.com/magazineus/reviews/cassidy/cassidy8-4-05.asp 8.49005378924 -21.0115354819 -11.7089256196 3.07249867909 0.0164749801607 857 1786.78040129 0
151202 http://heterotopiques.blogspot.com/search/label/Clement%20Greenberg 7.10851777105 -20.4575561572 -12.1195858038 2.59757989785 0.0162614312066 1362 3495.37126644 0
151202 http://www.visual-arts-cork.com/sculpture/constantin-brancusi.htm 14.6898993302 -18.0667835207 -8.40752234494 6.22980820098 0.0167458498686 829 2370.57929983 1
151202 http://heterotopiques.blogspot.fr/search/label/artpress 5.79113154985 -18.9939711892 -12.8470196127 2.16431360533 0.0162954201984 4547 9047.30980007 0
151202 http://lesliewilliamsonphoto.blogspot.co.at/search/label/heath%20ceramics 4.07875989879 -21.4356350771 -14.0447065245 1.32605039909 0.0125904558365 2532 4256.06668554 0
151202 http://www.artble.com/artists/auguste_rodin 6.01556587738 -20.2470224936 -12.5266316107 2.31820409449 -0.09459369227 1635 3533.90675616 0
151202 http://heterotopiques.blogspot.fr/search/label/Flanagan 7.84408087257 -20.6080030703 -11.7379173076 2.88464374555 0.0164367347622 1030 2607.65595421 0
151202 http://dadasurr.blogspot.com/2010/02/preparation-de-new-york-dada.html 4.55243652369 -22.112471248 -13.6323571268 1.51805513909 -0.0948946669197 1065 2364.43427425 1
151202 http://www.worldcat.org/oclc/11213990 7.44215907524 -20.420964479 -12.6642610535 2.67016152101 0.0161365451158 2255 2857.03601426 1
151202 http://d-nb.info/gnd/1089939094 8.09127897824 -23.0827225227 -12.4708767403 3.1825601037 0.00785629710271 120 652.935365901 0
151202 http://www.centrepompidou.fr/fr/cpv/rechercher.action 5.28662555707 -22.3980310199 -13.4213284096 1.77382500152 -0.0949954178681 875 2725.93495684 0
151202 http://heterotopiques.blogspot.fr/search/label/Anselm%20Reyle 5.47236039023 -18.8234470817 -13.0925061576 2.1353190685 0.0159050276894 5383 11115.1001011 0
151202 http://heterotopiques.blogspot.com/search/label/Pompon 7.87358322138 -20.6080030703 -11.7336625249 2.89828835301 0.0164367347622 1030 2654.67340744 0
151202 http://www.theartstory.org/artist-flavin-dan.htm 8.40024252745 -19.2385212307 -11.8280208109 3.05140347615 0.0164541614302 2542 4789.72407044 0
151202 http://lesliewilliamsonphoto.blogspot.com/2012_10_01_archive.html 9.93580398366 -19.3407557882 -11.7628802053 3.84004758889 0.0165541831147 2538 4363.04838877 0
151202 http://www.viaf.org/viaf/71387926 9.5778887589 -20.6716163212 -12.2630669209 4.02210638762 0.00779119594858 1609 5061.48979007 1
151202 http://lesliewilliamsonphoto.blogspot.cz/search/label/Michael%20Anastassiades 4.20204696169 -22.0000732062 -13.9024235463 1.37041867111 0.00344042443035 1548 3305.79857474 0
151202 http://heterotopiques.blogspot.fr/search/label/Roland%20Cognet 7.86708233679 -20.6080254027 -11.7374066624 2.8955387793 0.0164365512274 1032 2654.67340744 0
151202 http://mountshang.blogspot.com/2006_10_01_archive.html 4.77795975697 -19.726975338 -13.7844036545 1.84508937343 -0.0932544144994 4216 9241.46685103 0
151202 http://heterotopiques.blogspot.fr/search/label/sculptures%20d'appartement 7.30114572263 -20.3240247646 -11.9797038697 2.69695819967 0.0162614312066 1362 3576.61652438 0
151202 http://www.richardtrupp.com/ 4.14390072673 -23.4869526886 -14.0360572227 1.61855561992 0.00786114963698 10 30.5452373359 0
151202 http://lesliewilliamsonphoto.blogspot.co.at/search/label/night 4.38284256559 -21.9990708897 -13.8032427024 1.43494832601 0.0049460005904 1458 3120.27881356 0
151202 http://museumhours.blogspot.com/search/label/noguchi%20museum 5.84880609411 -21.55158235 -12.823665163 2.07078740719 -0.0949550918272 951 2358.85338741 1
151202 http://thesculptureagency.blogspot.com/p/tom-flynn-professional-profile.html 7.97303857764 -20.4034427365 -10.9888070968 3.10527829541 -0.0950979788882 682 1692.20931402 0
151202 http://heterotopiques.blogspot.com/search/label/Good%20design 5.27255418848 -19.7198754151 -13.1988770238 1.94589227456 0.0160637706371 3570 7984.52420906 0
151202 http://afilreis.blogspot.com/search/label/sculpture 4.73683188943 -20.1951699891 -13.563738005 1.61854317178 0.0164642568248 3646 7593.05092151 1
151202 http://www.lesliewilliamson.com/ 7.77499484042 -23.0833733671 -12.90126879 2.99098125196 0.00785374090509 178 606.156871821 0
151202 http://lesliewilliamsonphoto.blogspot.co.at/search/label/brancusi 10.7827610212 -19.517481101 -11.2871429196 4.29227095963 0.016626167029 1756 3524.28762288 0
151202 http://www.ellenjewettsculpture.com 4.92689217827 -22.7939739542 -13.64674757 2.08741055304 0.00786048757481 25 66.1505087209 0
151202 http://heterotopiques.blogspot.com/2012_05_01_archive.html 5.82538034408 -18.9726987436 -12.8183076411 2.18130543476 0.0162972049417 4527 9020.85561864 0
151202 http://heterotopiques.blogspot.fr/search/label/La%20Maison%20Rouge 8.33200484458 -18.7892089705 -11.2581792665 3.18572647661 0.016589963959 2269 5318.86350587 0
151202 http://lesliewilliamsonphoto.blogspot.co.at/search/label/Michael%20Anastassiades 4.28897099156 -22.0000732062 -13.9028119032 1.39878734081 0.00344042443035 1548 3319.35464957 0
151202 http://lesliewilliamsonphoto.blogspot.co.at/search/label/landscape 4.68126086131 -21.2128126286 -13.7810867405 1.54412625971 0.0125995062056 2561 4502.07007629 0
151202 http://heterotopiques.blogspot.fr/search/label/Pompon 7.84408087257 -20.6080030703 -11.7379173076 2.88464374555 0.0164367347622 1030 2607.65595421 0
151202 http://heterotopiques.blogspot.com/search/label/sculpture 6.42213408023 -16.879627825 -12.354284006 2.4540122008 0.0157740182097 11598 19384.0486859 0
151202 http://coseegers.blogspot.com/2009_01_01_archive.html 4.62300098298 -22.3978969042 -13.5948801212 1.52534397353 -0.095001788269 863 1696.25924968 0
151202 http://www.ilovefiguresculpture.com 4.74775696055 -23.0814763503 -13.2409201711 1.97447448371 0.00786119377843 9 19.9879395074 0
151202 http://lesliewilliamsonphoto.blogspot.co.at/search/label/paris 9.83147130175 -19.5984084685 -11.6830694561 3.84116397967 0.0165932272995 2113 3938.29808673 0
151202 http://heterotopiques.blogspot.fr/search/label/Lonely%20Are%20The%20Brave 7.73273606601 -20.6080254027 -11.7370389598 2.84810463142 0.0164365512274 1032 2617.38149435 0
151202 http://lesliewilliamsonphoto.blogspot.co.at/search/label/paper%20sculptures 4.99739983542 -21.1069566529 -13.3474981661 1.79033839136 -0.0946063263807 1611 3207.77534322 0
151202 http://heterotopiques.blogspot.com/search/label/La%20Maison%20Rouge 8.19564212886 -18.7892089705 -11.2577560341 3.13642838066 0.016589963959 2269 5233.58937697 0
151202 http://www.dcmemorials.com/index_indiv0006571.htm 5.36129103815 -20.1964094717 -13.7336456121 2.38889504285 0.00784037006547 482 561.319806784 0
151202 http://www.wikidata.org/entity/Q153048 8.03585907043 -21.7046603082 -12.4741303619 2.93891439755 -0.0950060356776 855 2411.15023861 1
151202 http://www.anitahuffington.com/portfolio.html 4.21295874792 -23.4869077673 -13.3197266716 1.65107333512 0.00786132620573 6 16.7733341743 0
151202 http://heterotopiques.blogspot.fr/search/label/sculpture-photographie 8.23148996007 -18.7457016793 -11.2129677972 3.15714479398 0.0165901479362 2267 5233.58937697 1
151202 http://www.theartstory.org/artist-modigliani-amedeo.htm 9.62774899643 -19.1677023799 -11.4513269324 3.56883267635 0.0165842998264 2210 4462.19557428 0
151202 http://www.sharpstickstudio.com 5.06112155664 -22.5709876064 -13.832418308 2.16710696977 0.00785986975073 39 61.4338811053 0
151202 http://www.lindquiststudios.com/Mark_Lindquist.htm 7.04400646298 -20.240010282 -11.5778914498 2.75205740355 -0.0949259298553 1006 2046.92789099 0
151202 http://heterotopiques.blogspot.fr/search/label/Bernard%20Lamarche-Vadel 5.83517211771 -18.9940149936 -12.8402086242 2.18301151338 0.0162950632967 4551 9292.28552479 0
151202 http://mountshang.blogspot.com/2006_09_01_archive.html 6.95567049755 -19.5481193577 -11.9250940446 2.66136568839 0.0145063562499 1978 4560.15891576 1
151202 http://heterotopiques.blogspot.com/search/label/Didier%20Vermeiren 8.19833281787 -18.7891867912 -11.2560337695 3.13757375578 0.0165901479362 2267 5233.58937697 0
151202 http://worldcat.org/identities/lccn-n85379965 5.67928247408 -21.4191342691 -12.865625005 2.02545967983 -0.0949036727721 1048 2241.43052134 0
151202 http://heterotopiques.blogspot.com/search/label/sculptures%20d'appartement 7.26574913773 -20.3240247646 -11.9845967237 2.6809929543 0.0162614312066 1362 3495.37126644 0
151202 http://www.artcyclopedia.com/artists/brancusi_constantin.html 12.9030494183 -19.756916261 -9.87026353488 5.31640503226 0.0163224666055 691 1548.02675889 0
